0,0,0,456,457,458,459,0,0,456,457,458,459,0,0,456,457,458,459,0,0,0,457,458,0,0,0,456,457,458,459,0,0,456,457,458,459,0,0,456,457,458,459,0,0,456,457,458,459,0,0,456,457,458,459,0,0,456,457,458,459,0,0,456,457,458,459,0,0,456,457,458,459,0,0,456,457,458,459,0,0,0,
0,0,0,547,548,549,550,0,0,547,548,549,550,0,0,547,548,549,550,0,0,547,548,549,550,0,0,547,548,549,550,0,0,547,548,549,550,0,0,547,548,549,550,0,0,547,548,549,550,0,0,547,548,549,550,0,0,547,548,549,550,0,0,547,548,549,550,0,0,547,548,549,550,0,0,547,548,549,550,0,0,0,
0,0,0,820,821,822,823,0,0,820,821,822,823,0,0,820,821,822,823,0,0,638,639,640,641,0,0,820,821,822,823,0,0,820,821,822,823,0,0,638,639,640,641,0,0,820,821,822,823,0,0,820,821,822,823,0,0,820,821,822,823,0,0,820,821,822,823,0,0,820,821,822,823,0,0,820,821,822,823,0,0,0,
0,0,0,911,912,913,914,0,0,911,912,913,914,0,0,911,912,913,914,0,0,729,730,731,732,0,0,911,912,913,914,0,0,911,912,913,914,0,0,729,730,731,732,0,0,911,912,913,914,0,0,911,912,913,914,0,0,911,912,913,914,0,0,911,912,913,914,0,0,911,912,913,914,0,0,911,912,913,914,0,0,0,
0,0,0,0,0,0,0,0,0,0,0,0,0,0,0,0,0,0,0,0,0,638,639,640,641,0,0,0,0,0,0,0,0,0,0,0,0,0,0,638,639,640,641,0,0,0,0,0,0,0,0,0,0,0,0,0,0,0,0,0,0,0,0,0,0,0,0,0,0,0,0,0,0,0,0,0,0,0,0,0,0,0,
0,0,0,0,0,0,0,0,0,0,0,0,0,0,0,0,0,0,0,0,0,729,730,731,732,0,0,0,0,0,0,0,0,0,0,0,0,0,0,729,730,731,732,0,0,0,0,0,0,0,0,0,0,0,0,0,0,0,0,0,0,0,0,0,0,0,0,0,0,0,0,0,0,0,0,0,0,0,0,0,0,0,
0,0,0,0,0,0,0,0,0,0,0,0,0,0,0,0,0,0,0,0,0,638,639,640,641,0,0,0,0,0,0,0,0,0,0,0,0,0,0,820,821,822,823,0,0,0,0,0,0,0,0,0,0,0,0,0,0,0,0,0,0,0,0,0,0,0,0,0,0,0,0,0,0,0,0,0,0,0,0,0,0,0,
0,0,0,0,0,0,0,0,0,0,0,0,0,0,0,0,0,0,0,0,0,729,730,731,732,0,0,0,0,0,0,0,0,0,0,0,0,0,0,911,912,913,914,0,0,0,0,0,0,0,0,0,0,0,0,0,0,0,0,0,0,0,0,0,0,0,0,0,0,0,0,0,0,0,0,0,0,0,0,0,0,0,
0,0,0,0,0,0,0,0,0,0,0,0,0,0,0,0,0,0,0,0,0,638,639,640,641,0,0,0,0,0,0,0,0,0,0,0,0,0,0,0,0,0,0,0,183,0,0,0,0,0,0,0,0,0,0,0,0,0,0,0,0,0,0,0,0,0,0,0,0,0,0,0,0,0,0,0,0,0,0,0,0,0,
0,0,0,0,0,0,0,0,0,0,0,0,0,0,0,0,0,0,0,0,0,729,730,731,732,0,0,0,0,0,0,0,0,0,0,0,0,0,0,0,0,0,0,0,0,0,0,0,0,0,0,0,0,0,0,0,0,0,0,0,0,0,0,0,0,0,0,0,0,0,0,0,0,0,0,0,0,0,0,0,0,0,
0,0,0,0,0,0,0,0,0,0,0,0,0,0,0,0,0,0,0,0,0,638,639,640,641,0,0,0,0,0,0,0,0,0,0,0,0,0,0,0,0,0,0,0,0,0,0,0,0,0,0,0,0,0,0,0,0,0,0,0,0,0,0,0,0,0,0,0,0,0,0,0,0,0,0,0,0,0,0,0,0,0,
0,0,0,0,0,0,0,0,0,0,0,0,0,0,0,0,0,0,0,0,0,729,730,731,732,0,0,0,0,0,0,0,0,0,0,0,0,0,0,0,0,0,0,0,0,0,0,0,0,0,0,0,0,0,0,0,0,0,0,0,0,0,0,0,0,0,0,0,0,0,0,0,0,0,0,0,0,0,0,0,0,0,
0,0,0,0,0,0,0,0,0,0,0,0,0,0,0,0,0,0,0,0,0,638,639,640,641,0,0,0,0,0,0,0,0,0,0,0,0,0,0,456,457,458,459,0,0,0,0,0,0,0,0,0,0,0,0,0,0,0,0,0,0,0,0,0,0,0,0,0,0,0,0,0,0,0,0,0,0,0,0,0,0,0,
0,0,0,0,0,0,0,0,0,0,0,0,0,0,0,0,0,0,0,0,0,729,730,731,732,0,0,0,0,0,0,0,0,0,0,0,0,0,0,547,548,549,550,0,0,0,0,0,0,0,0,0,0,0,0,0,0,0,0,0,0,0,0,0,0,0,0,0,0,0,0,0,0,0,0,0,0,0,0,0,0,0,
0,0,0,0,0,0,0,0,0,0,0,0,0,0,0,0,0,0,0,0,0,638,639,640,641,0,0,0,0,0,0,0,0,0,0,0,0,0,0,638,639,640,641,0,0,0,0,0,0,0,0,0,0,0,0,0,0,0,1457,1458,1459,1460,1461,0,0,0,0,0,0,0,0,0,0,0,0,0,0,0,0,0,0,0,
0,0,0,0,0,0,0,0,0,0,0,0,0,0,0,0,0,0,0,0,0,729,730,731,732,0,0,0,0,0,0,0,0,0,0,0,0,0,0,729,730,731,732,0,0,0,0,0,0,0,0,0,0,0,0,0,0,0,1548,1549,1550,1551,1552,0,0,0,0,0,0,0,0,0,0,0,0,0,0,0,0,0,0,0,
0,0,0,0,0,0,0,0,0,0,0,0,0,0,0,0,0,0,0,0,0,638,639,640,641,0,0,0,0,0,0,0,0,0,0,0,0,0,0,638,639,640,641,0,0,0,0,0,0,0,0,0,0,0,0,0,0,0,0,0,0,0,0,0,0,0,0,0,0,0,0,0,0,0,0,0,0,0,0,0,0,0,
0,0,0,0,0,0,0,0,0,0,0,0,0,0,0,0,0,0,0,0,0,729,730,731,732,0,0,0,0,0,0,0,0,0,0,0,0,0,0,729,730,731,732,0,0,0,0,0,0,0,0,0,0,0,0,0,0,0,0,0,0,0,0,0,0,0,0,0,0,0,0,0,0,0,0,0,0,0,0,0,0,0,
0,0,0,0,0,0,0,0,0,0,0,0,0,0,0,0,0,0,0,0,0,638,639,640,641,0,0,0,0,0,0,0,0,0,0,0,0,0,0,638,639,640,641,0,0,0,0,0,0,0,0,0,0,0,0,0,0,0,0,0,0,0,0,0,0,0,0,0,0,0,0,0,0,0,0,0,0,0,0,0,0,0,
0,0,0,0,0,0,0,0,0,0,0,0,0,0,0,0,0,0,0,0,0,729,730,731,732,0,0,0,0,0,0,0,0,0,0,0,0,0,0,729,730,731,732,0,0,0,0,0,0,0,0,0,0,0,0,0,0,0,0,0,0,0,0,0,0,0,0,0,0,0,0,0,0,0,0,0,0,0,0,0,0,0,
0,0,0,0,0,0,0,0,0,0,0,0,0,0,0,0,0,0,0,0,0,638,639,640,641,0,0,0,0,0,0,0,0,0,0,0,0,0,0,638,639,640,641,0,0,0,0,0,0,0,0,0,0,0,0,0,0,0,0,0,0,0,0,0,0,0,0,0,0,0,0,0,0,0,0,0,0,0,0,0,0,0,
0,0,0,0,0,0,0,0,0,0,0,0,0,0,0,0,0,0,0,0,0,729,730,731,732,0,0,0,0,0,0,0,0,0,0,0,0,0,0,729,730,731,732,0,0,0,0,0,0,0,0,0,0,0,0,0,0,0,0,0,0,0,0,0,0,0,0,0,0,0,0,0,0,0,0,0,0,0,0,0,0,0,
0,0,0,0,0,0,0,0,0,0,0,0,0,0,0,0,0,0,0,0,0,638,639,640,641,0,0,0,0,0,0,0,0,0,0,0,0,0,0,638,639,640,641,0,0,0,0,0,0,0,0,0,0,0,0,0,0,0,0,0,0,0,0,0,0,0,0,0,0,0,0,0,0,0,0,0,0,0,0,0,0,0,
0,0,0,0,0,0,0,0,0,0,0,0,0,0,0,0,0,0,0,0,0,729,730,731,732,0,0,0,0,0,0,0,0,0,0,0,0,0,0,729,730,731,732,0,0,0,0,0,0,0,0,0,0,0,0,0,0,0,0,0,0,0,0,0,0,0,0,0,0,0,0,0,0,0,0,0,0,0,0,0,0,0,
0,0,0,0,0,0,0,0,0,0,0,0,0,0,0,0,0,0,0,0,0,638,639,640,641,0,0,0,0,0,0,0,0,0,0,0,0,0,0,638,639,640,641,0,0,0,0,0,0,0,0,0,0,0,0,0,0,0,0,0,0,0,0,0,0,0,0,0,0,0,0,0,0,0,0,0,0,0,0,0,0,0,
0,0,0,0,0,0,0,0,0,0,0,0,0,0,0,0,0,0,0,0,0,729,730,731,732,0,0,0,0,0,0,0,0,0,0,0,0,0,0,729,730,731,732,0,0,0,0,0,0,0,0,0,0,0,0,0,0,0,0,0,0,0,0,0,0,0,0,0,0,0,0,0,0,0,0,0,0,0,0,0,0,0,
0,0,0,0,0,0,0,0,0,0,0,0,0,0,0,0,0,0,0,0,0,638,639,640,641,0,0,0,0,0,0,0,0,0,0,0,0,0,0,638,639,640,641,0,0,0,0,0,0,0,0,0,0,0,0,0,0,0,0,0,0,0,0,0,0,0,0,0,0,0,0,0,0,0,0,0,0,0,0,0,0,0,
0,0,0,0,0,0,0,0,0,0,0,0,0,0,0,0,0,0,0,0,0,729,730,731,732,0,0,0,0,0,0,0,0,0,0,0,0,0,0,729,730,731,732,0,0,0,0,0,0,0,0,0,0,0,0,0,0,0,0,0,0,0,0,0,0,0,0,0,0,0,0,0,0,0,0,0,0,0,0,0,0,0,
0,0,0,0,0,0,0,0,0,0,0,0,0,0,0,0,0,0,0,0,0,638,639,640,641,0,0,0,0,0,0,0,0,0,0,0,0,0,0,638,639,640,641,0,0,0,0,0,0,0,0,0,0,0,0,0,0,0,0,0,0,0,0,0,0,0,0,0,0,0,0,0,0,0,0,0,0,0,0,0,0,0,
0,0,0,0,0,0,0,0,0,0,0,0,0,0,0,0,0,0,0,0,0,729,730,731,732,0,0,0,0,0,0,0,0,0,0,0,0,0,0,729,730,731,732,0,0,0,0,0,0,0,0,0,0,0,0,0,0,0,0,0,0,0,0,0,0,0,0,0,0,0,0,0,0,0,0,0,0,0,0,0,0,0,
0,0,0,638,639,640,641,0,0,0,0,0,638,639,640,641,0,0,0,0,0,820,821,822,823,0,0,0,0,0,638,639,640,641,0,0,0,0,0,638,639,640,641,0,0,820,821,822,823,0,0,820,821,822,823,0,0,0,0,0,0,0,0,820,821,822,823,0,0,820,821,822,823,0,0,820,821,822,823,0,0,0,
0,0,0,729,730,731,732,0,0,0,0,0,729,730,731,732,0,0,0,0,0,911,912,913,914,0,0,0,0,0,729,730,731,732,0,0,0,0,0,729,730,731,732,0,0,911,912,913,914,0,0,911,912,913,914,0,0,0,0,0,0,0,0,911,912,913,914,0,0,911,912,913,914,0,0,911,912,913,914,0,0,0,
0,0,0,820,821,822,823,0,0,0,0,0,820,821,822,823,0,0,278,278,278,278,278,278,278,278,0,0,0,0,638,639,640,641,0,0,0,0,0,638,639,640,641,0,0,0,0,0,0,0,0,0,0,0,0,0,0,0,0,0,0,0,0,0,0,0,0,0,0,0,0,0,0,0,0,0,0,0,0,0,0,0,
0,0,0,911,912,913,914,0,0,0,0,0,911,912,913,914,0,0,92,0,0,0,0,0,0,0,0,0,0,0,729,730,731,732,0,0,0,0,0,729,730,731,732,0,0,0,0,0,0,0,0,0,0,0,0,0,0,0,183,0,0,0,0,0,0,0,0,0,0,0,0,0,0,0,0,0,0,0,0,0,0,0,
0,0,0,0,0,0,0,278,0,0,0,278,0,0,0,0,0,0,0,0,0,0,0,0,0,0,0,0,0,0,638,639,640,641,0,0,0,0,0,638,639,640,641,0,0,0,0,0,0,0,0,0,0,0,0,0,0,0,0,0,0,0,0,0,0,0,0,0,0,0,0,0,0,0,0,0,0,0,0,0,0,0,
0,0,0,0,0,0,0,0,0,0,0,0,0,0,0,9,9,9,9,9,0,0,0,0,0,0,0,0,0,0,729,730,731,732,0,0,0,0,0,729,730,731,732,0,0,0,0,0,0,0,0,0,0,0,0,0,0,0,0,0,0,0,0,0,0,0,0,0,0,0,0,0,0,0,0,0,0,0,0,0,0,0,
0,0,0,0,0,0,0,0,0,0,0,0,0,0,920,0,0,0,0,0,922,0,0,0,0,0,0,0,0,0,638,639,640,641,183,0,0,0,0,638,639,640,641,0,0,0,0,0,0,0,0,0,0,0,0,0,0,0,0,0,0,0,0,0,0,0,0,0,0,0,0,0,0,0,0,0,0,0,0,0,0,0,
0,0,0,0,0,0,0,0,0,0,0,0,0,0,1011,0,0,0,0,0,1013,0,0,0,0,0,0,0,0,0,729,730,731,732,0,0,0,0,0,729,730,731,732,0,0,0,0,0,0,0,0,0,0,0,0,0,0,0,0,0,0,0,0,0,0,0,0,0,0,0,0,0,0,0,0,0,0,0,0,0,0,0,
0,0,0,0,0,0,0,0,0,0,0,0,0,0,1011,0,0,0,0,0,1013,0,0,0,0,0,0,0,0,0,638,639,640,641,0,0,0,0,0,638,639,640,641,0,0,0,0,0,0,0,0,0,0,0,0,0,0,0,0,0,0,0,0,0,0,0,0,0,0,0,0,0,0,0,0,0,0,0,0,0,0,0,
0,0,0,0,0,0,0,0,0,0,0,0,0,0,1011,0,0,0,0,0,1013,0,0,0,0,0,0,0,0,0,729,730,731,732,0,0,0,0,0,729,730,731,732,0,0,0,0,0,0,0,0,0,0,0,0,0,0,0,0,0,0,0,0,0,0,0,0,0,0,0,0,0,0,0,0,0,0,0,0,0,0,0,
0,0,0,0,0,0,0,0,0,0,0,0,0,0,1011,0,0,0,0,0,1013,0,0,0,0,0,0,0,0,0,820,821,822,823,0,0,0,0,0,820,821,822,823,0,0,0,0,0,0,0,0,0,0,0,0,0,0,0,0,0,0,0,0,0,278,278,278,278,278,278,278,278,278,278,278,278,0,0,0,0,0,0,
0,0,0,0,0,0,0,0,0,0,0,0,0,0,1011,0,0,0,0,0,1013,9,9,9,9,9,9,9,9,9,911,912,913,914,0,0,0,0,0,911,912,913,914,0,0,0,0,0,0,0,0,0,0,0,0,0,0,0,0,0,0,0,0,0,278,0,0,0,0,0,0,0,0,0,0,0,0,0,0,0,0,0,
0,0,0,0,0,9,9,9,9,9,9,9,9,9,1011,0,0,0,0,0,0,0,0,0,0,0,0,0,0,0,922,0,92,0,0,0,0,0,0,0,0,0,0,92,0,0,0,0,0,0,0,0,0,0,0,0,0,0,0,0,0,0,0,0,278,0,0,0,0,0,0,0,0,0,0,0,0,0,0,0,0,0,
0,0,0,0,920,0,0,0,0,0,0,0,0,0,0,0,0,0,0,0,0,0,0,0,0,0,0,0,0,0,1013,0,0,0,0,0,0,0,0,0,0,0,0,0,0,0,0,0,0,0,0,0,0,0,0,0,0,0,0,0,0,0,0,0,278,0,0,0,0,0,0,0,0,0,0,0,0,0,0,0,0,0,
0,0,0,0,1011,0,0,0,0,0,0,0,0,0,0,0,0,0,0,0,1285,1103,1103,1103,1103,1103,1103,0,0,1103,1104,0,0,0,0,0,0,0,0,0,0,0,0,0,0,0,0,0,0,0,0,0,0,0,0,0,0,0,0,0,0,0,0,0,0,0,0,0,0,0,0,0,0,0,0,0,0,0,0,0,0,0,
0,0,0,0,1102,1103,0,0,1103,1103,1103,1103,1103,1103,1103,1286,0,0,0,0,1013,0,0,0,0,0,0,0,0,0,0,0,0,0,0,0,0,0,0,0,0,0,0,0,0,0,0,0,0,0,0,0,0,0,0,0,0,0,0,0,0,0,0,0,0,0,0,0,0,0,0,0,0,0,0,0,0,0,0,0,0,0,
0,0,0,0,0,0,0,0,92,0,0,0,0,0,0,1102,1103,1103,1103,1103,1104,0,0,0,0,0,0,0,0,0,0,0,0,0,0,0,0,0,0,456,457,458,459,0,0,0,0,0,0,0,0,0,0,0,0,0,0,0,0,0,0,0,0,0,0,0,0,0,0,0,0,0,0,0,0,0,0,0,0,0,0,0,
0,0,0,0,0,0,0,0,0,0,0,0,0,0,0,0,0,0,3914,3915,0,0,0,0,0,0,0,0,0,0,0,0,0,0,0,0,0,0,0,547,548,549,550,0,0,0,0,0,0,0,0,0,0,0,0,0,0,0,0,0,0,0,0,0,278,0,0,0,0,0,0,0,0,0,0,0,0,0,0,0,0,0,
0,0,0,0,0,0,0,0,0,0,0,0,0,0,0,0,0,0,4005,4006,0,0,0,0,0,0,0,0,0,0,0,0,0,0,0,0,0,0,0,638,639,640,641,0,0,0,0,0,0,0,0,0,0,0,0,0,0,0,0,0,0,0,0,0,278,0,0,0,0,0,0,0,0,0,0,0,0,0,0,0,0,0,
0,0,0,0,0,0,0,0,0,0,0,0,0,0,0,0,0,0,0,0,0,0,0,0,0,0,0,0,0,0,0,0,0,0,0,0,0,0,0,729,730,731,732,0,0,278,278,278,278,278,278,278,278,278,278,278,278,278,278,278,278,278,278,278,278,0,0,0,0,0,0,0,0,0,0,0,0,0,0,0,0,0,
0,0,0,0,0,0,0,0,0,0,0,0,0,0,0,0,0,0,0,0,0,0,0,0,0,0,0,0,0,0,0,0,0,0,0,0,0,0,0,638,639,640,641,0,0,0,0,0,0,0,0,0,0,0,0,0,0,0,0,0,0,0,0,0,0,0,0,0,0,0,0,0,0,0,0,0,0,0,0,0,0,0,
0,0,0,0,0,0,0,0,0,0,0,0,0,0,0,0,0,0,0,0,0,0,0,0,0,0,0,0,0,0,0,0,0,0,0,0,0,0,0,729,730,731,732,0,0,0,0,0,0,0,0,0,0,0,0,0,0,0,0,0,0,0,0,0,0,0,0,0,0,0,0,0,0,0,0,0,0,0,0,0,0,0,
0,0,0,0,0,0,0,0,0,0,0,0,0,0,0,0,0,0,0,0,3914,3915,0,0,0,0,0,0,0,0,0,0,0,0,0,0,0,0,0,638,639,640,641,0,0,0,0,0,0,0,0,0,0,0,0,0,0,0,0,0,0,0,0,0,0,0,0,0,0,0,0,0,0,0,0,0,0,0,0,0,0,0,
0,0,0,0,0,0,0,0,0,0,0,0,0,0,0,0,0,0,0,0,4005,4006,0,0,0,0,0,0,0,0,0,0,0,0,0,0,0,0,0,729,730,731,732,0,0,0,0,0,0,0,0,0,0,0,0,0,0,0,0,0,0,0,0,0,0,0,0,0,0,0,0,0,0,0,0,0,0,0,0,0,0,0,
0,0,0,0,0,0,0,0,0,0,0,0,0,0,0,0,0,0,0,0,0,0,0,0,0,0,0,0,0,0,0,0,0,0,0,0,0,0,0,638,639,640,641,0,0,0,0,0,0,0,0,0,0,0,0,0,0,0,0,0,0,0,0,0,0,0,0,0,0,0,0,0,0,0,0,0,0,0,0,0,0,0,
0,0,0,0,0,0,0,0,0,0,0,0,0,0,0,0,0,0,0,0,0,0,0,0,0,0,0,0,0,0,0,0,0,0,0,0,0,0,0,729,730,731,732,0,0,0,0,0,0,0,0,0,0,0,0,0,0,0,0,0,0,0,0,0,0,0,0,0,0,0,0,0,0,0,0,0,0,0,0,0,0,0,
0,0,0,0,0,0,0,0,0,0,0,0,0,0,0,0,0,0,0,0,0,0,0,0,0,0,0,0,0,0,0,0,0,0,0,0,0,0,0,638,639,640,641,0,0,0,0,0,0,0,0,0,0,0,0,0,0,0,0,0,0,0,0,0,0,0,0,0,0,0,0,0,0,0,0,0,0,0,0,0,0,0,
0,0,0,0,0,0,0,0,0,0,0,0,0,0,0,0,0,0,0,0,0,0,0,0,0,0,0,0,0,0,0,0,0,0,0,0,0,0,0,729,730,731,732,0,0,0,0,0,0,0,0,0,0,0,0,0,0,0,0,0,0,0,0,0,0,0,0,0,0,0,0,0,0,0,0,0,0,0,0,0,0,0,
0,0,0,820,821,822,823,0,0,820,821,822,823,0,0,820,821,822,823,0,0,820,821,822,823,0,0,820,821,822,823,0,0,820,821,822,823,0,0,820,821,822,823,0,0,820,821,822,823,0,0,820,821,822,823,0,0,820,821,822,823,0,0,820,821,822,823,0,0,820,821,822,823,0,0,820,821,822,823,0,0,0,
0,0,0,911,912,913,914,0,0,911,912,913,914,0,0,911,912,913,914,0,0,911,912,913,914,0,0,911,912,913,914,0,0,911,912,913,914,0,0,911,912,913,914,0,0,911,912,913,914,0,0,911,912,913,914,0,0,911,912,913,914,0,0,911,912,913,914,0,0,911,912,913,914,0,0,911,912,913,914,0,0,0