2,2,2,2,2,2,2,2,2,2,2,2,2,2,2,2,2,2,2,2,2,2,2,2,2,2,2,2,2,2,2,2,2,2,2,2,2,2,2,2,2,2,2,2,2,2,2,2,2,2,2,2,2,2,2,2,2,2,2,2,2,2,2,2,2,2,2,2,2,2,2,2,2,2,2,2,2,2,2,2,2,2,
2,2,2,2,2,2,2,2,2,2,2,2,2,2,2,2,2,2,2,2,2,2,2,2,2,2,2,2,2,2,2,2,2,2,2,2,2,2,2,2,2,2,2,2,2,2,2,2,2,2,2,2,2,2,2,2,2,2,2,2,2,2,2,2,2,2,2,2,2,2,2,2,2,2,2,2,2,2,2,2,2,2,
2,2,2,2,2,2,2,2,2,2,2,2,2,2,2,2,2,2,2,2,2,2,2,2,2,2,2,2,2,2,2,2,2,2,2,2,2,2,2,2,2,2,2,2,2,2,2,2,2,2,2,2,2,2,2,2,2,2,2,2,2,2,2,2,2,2,2,2,2,2,2,2,2,2,2,2,2,2,2,2,2,2,
2,2,2,2,2,2,2,2,2,2,2,2,2,2,2,2,2,2,2,2,2,2,2,2,2,2,2,2,2,2,2,2,2,2,2,2,2,2,2,2,2,2,2,2,2,2,2,2,2,2,2,2,2,2,2,2,2,2,2,2,2,2,2,2,2,2,2,2,2,2,2,2,2,2,2,2,2,2,2,2,2,2,
2,2,2,2,2,2,2,2,2,2,2,2,2,2,2,2,2,2,2,2,2,2,2,2,2,2,2,2,2,2,2,2,2,2,2,2,2,2,2,2,2,2,2,2,2,2,2,2,2,2,2,2,2,2,2,2,2,2,2,2,2,2,2,4021,4022,4022,4022,4022,4022,4022,4022,4022,4022,4022,4022,4022,4022,4022,4022,4022,4023,2,
2,2,2,2,2,2,2,2,2,2,2,2,2,2,2,2,2,2,2,2,2,2,2,2,2,2,2,2,2,2,2,2,2,2,2,2,2,2,2,2,2,2,2,2,2,2,2,2,2,2,2,2,2,2,2,2,2,2,2,2,2,2,2,4112,4113,4113,4113,4113,4113,4113,4113,4113,4113,4113,4113,4113,4113,4113,4113,4113,4114,2,
2,2,2,2,2,2,2,2,2,2,2,2,2,2,2,2,2,2,2,2,2,2,2,2,2,2,2,2,2,2,2,2,2,2,2,2,2,2,2,2,2,2,2,2,2,2,2,2,2,2,2,2,2,2,2,2,2,2,2,2,2,2,2,4112,4113,4113,4113,4113,4113,4113,4113,4113,4113,4113,4113,4113,4113,4113,4113,4113,4114,2,
2,2,2,2,2,2,2,2,2,2,2,2,2,2,2,2,2,2,2,2,2,2,2,2,2,2,2,2,2,2,2,2,2,2,2,2,2,2,2,2,2,2,2,2,2,2,2,2,2,2,2,2,2,2,2,2,2,2,2,2,2,2,2,4112,4113,4113,4113,4113,4113,4113,4113,4113,4113,4113,4113,4113,4113,4113,4113,4113,4114,2,
2,2,2,2,2,2,2,2,2,2,2,2,2,2,2,2,2,2,2,2,2,2,2,2,2,2,2,2,2,2,2,2,2,2,2,2,2,2,2,2,2,2,2,2,2,2,2,2,2,2,2,2,2,2,2,2,2,2,2,2,2,2,2,4112,4113,4113,4113,4113,4113,4113,4113,4113,4113,4113,4113,4113,4113,4113,4113,4113,4114,2,
2,2,2,2,2,2,2,2,2,2,2,2,2,2,2,2,2,2,2,2,2,2,2,2,2,2,2,2,2,2,2,2,2,2,2,2,2,2,2,2,2,2,2,2,2,2,2,2,2,2,2,2,2,2,2,2,2,2,2,2,2,2,2,4112,4113,4113,4113,4113,4113,4113,4113,4113,4113,4113,4113,4113,4113,4113,4113,4113,4114,2,
2,2,2,2,2,2,2,2,2,2,2,2,2,2,2,2,2,2,2,2,2,2,2,2,2,2,2,2,2,2,2,2,2,2,2,2,2,2,2,2,2,2,2,2,2,2,2,2,2,2,2,2,2,2,2,2,2,2,2,2,2,2,2,4112,4113,4113,4113,4113,4113,4113,4113,4113,4113,4113,4113,4113,4113,4113,4113,4113,4114,2,
2,2,2,2,2,2,2,2,2,2,2,2,2,2,2,2,2,2,2,2,2,2,2,2,2,2,2,2,2,2,2,2,2,2,2,2,2,2,2,2,2,2,2,2,2,2,2,2,2,2,2,2,2,2,2,2,2,2,2,2,2,2,2,4112,4113,4113,4113,4113,4113,4113,4113,4113,4113,4113,4113,4113,4113,4113,4113,4113,4114,2,
2,2,2,2,2,2,2,2,2,2,2,2,2,2,2,2,2,2,2,2,2,2,2,2,2,2,2,2,2,2,2,2,2,2,2,2,2,2,2,2,2,2,2,2,2,2,2,2,2,2,2,2,2,2,2,2,2,2,2,2,2,2,2,4112,4113,4113,4113,4113,4113,4113,4113,4113,4113,4113,4113,4113,4113,4113,4113,4113,4114,2,
2,2,2,2,2,2,2,2,2,2,2,2,2,2,2,2,2,2,2,2,2,2,2,2,2,2,2,2,2,2,2,2,2,2,2,2,2,2,2,2,2,2,2,2,2,2,2,2,2,2,2,2,2,2,2,2,2,2,2,2,2,2,2,4112,4113,4113,4113,4113,4113,4113,4113,4113,4113,4113,4113,4113,4113,4113,4113,4113,4114,2,
2,2,2,2,2,2,2,2,2,2,2,2,2,2,2,2,2,2,2,2,2,2,2,2,2,2,2,2,2,2,2,2,2,2,2,2,2,2,2,2,2,2,2,2,2,2,2,2,2,2,2,2,2,2,2,2,2,2,2,2,2,2,2,4112,4113,4113,4113,4113,4113,4113,4113,4113,4113,4113,4113,4113,4113,4113,4113,4113,4114,2,
2,2,2,2,2,2,2,2,2,2,2,2,2,2,2,2,2,2,2,2,2,2,2,2,2,2,2,2,2,2,2,2,2,2,2,2,2,2,2,2,2,2,2,2,2,2,2,2,2,2,2,2,2,2,2,2,2,2,2,2,2,2,2,4112,4113,4113,4113,4113,4113,4113,4113,4113,4113,4113,4113,4113,4113,4113,4113,4113,4114,2,
2,2,2,2,2,2,2,2,2,2,2,2,2,2,2,2,2,2,2,2,2,2,2,2,2,2,2,2,2,2,2,2,2,2,2,2,2,2,2,2,2,2,2,2,2,2,2,2,2,2,2,2,2,2,2,2,2,2,2,2,2,2,2,4112,4113,4113,4113,4113,4113,4113,4113,4113,4113,4113,4113,4113,4113,4113,4113,4113,4114,2,
2,2,2,2,2,2,2,2,2,2,2,2,2,2,2,2,2,2,2,2,2,2,2,2,2,2,2,2,2,2,2,2,2,2,2,2,2,2,2,2,2,2,2,2,2,2,2,2,2,2,2,2,2,2,2,2,2,2,2,2,2,2,2,4112,4113,4113,4113,4113,4113,4113,4113,4113,4113,4113,4113,4113,4113,4113,4113,4113,4114,2,
2,2,2,2,2,2,2,2,2,2,2,2,2,2,2,2,2,2,2,2,2,2,2,2,2,2,2,2,2,2,2,2,2,2,2,2,2,2,2,2,2,2,2,2,2,2,2,2,2,2,2,2,2,2,2,2,2,2,2,2,2,2,2,4112,4113,4113,4113,4113,4113,4113,4113,4113,4113,4113,4113,4113,4113,4113,4113,4113,4114,2,
2,2,2,2,2,2,2,2,2,2,2,2,2,2,2,2,2,2,2,2,2,2,2,2,2,2,2,2,2,2,2,2,2,2,2,2,2,2,2,2,2,2,2,2,2,2,2,2,2,2,2,2,2,2,2,2,2,2,2,2,2,2,2,4112,4113,4113,4113,4113,4113,4113,4113,4113,4113,4113,4113,4113,4113,4113,4113,4113,4114,2,
2,2,2,2,2,2,2,2,2,2,2,2,2,2,2,2,2,2,2,2,2,2,2,2,2,2,2,2,2,2,2,2,2,2,2,2,2,2,2,2,2,2,2,2,2,2,2,2,2,2,2,2,2,2,2,2,2,2,2,2,2,2,2,4112,4113,4113,4113,4113,4113,4113,4113,4113,4113,4113,4113,4113,4113,4113,4113,4113,4114,2,
2,2,2,2,2,2,2,2,2,2,2,2,2,2,2,2,2,2,2,2,2,2,2,2,2,2,2,2,2,2,2,2,2,2,2,2,2,2,2,2,2,2,2,2,2,2,2,2,2,2,2,2,2,2,2,2,2,2,2,2,2,2,2,4112,4113,4113,4113,4113,4113,4113,4113,4113,4113,4113,4113,4113,4113,4113,4113,4113,4114,2,
2,2,2,2,2,2,2,2,2,2,2,2,2,2,2,2,2,2,2,2,2,2,2,2,2,2,2,2,2,2,2,2,2,2,2,2,2,2,2,2,2,2,2,2,2,2,2,2,2,2,2,2,2,2,2,2,2,2,2,2,2,2,2,4112,4113,4113,4113,4113,4113,4113,4113,4113,4113,4113,4113,4113,4113,4113,4113,4113,4114,2,
2,2,2,2,2,2,2,2,2,2,2,2,2,2,2,2,2,2,2,2,2,2,2,2,2,2,2,2,2,2,2,2,2,2,2,2,2,2,2,2,2,2,2,2,2,2,2,2,2,2,2,2,2,2,2,2,2,2,2,2,2,2,2,4112,4113,4113,4113,4113,4113,4113,4113,4113,4113,4113,4113,4113,4113,4113,4113,4113,4114,2,
2,2,2,2,2,2,2,2,2,2,2,2,2,2,2,2,2,2,2,2,2,2,2,2,2,2,2,2,2,2,2,2,2,2,2,2,2,2,2,2,2,2,2,2,2,2,2,2,2,2,2,2,2,2,2,2,2,2,2,2,2,2,2,4112,4113,4113,4113,4113,4113,4113,4113,4113,4113,4113,4113,4113,4113,4113,4113,4113,4114,2,
2,2,2,2,2,2,2,2,2,2,2,2,2,2,2,2,2,2,2,2,2,2,2,2,2,2,2,2,2,2,2,2,2,2,2,2,2,2,2,2,2,2,2,2,2,2,2,2,2,2,2,2,2,2,2,2,2,2,2,2,2,2,2,4112,4113,4113,4113,4113,4113,4113,4113,4113,4113,4113,4113,4113,4113,4113,4113,4113,4114,2,
2,2,2,2,2,2,2,2,2,2,2,2,2,2,2,2,2,2,2,2,2,2,2,2,2,2,2,2,2,2,2,2,2,2,2,2,2,2,2,2,2,2,2,2,2,2,2,2,2,2,2,2,2,2,2,2,2,2,2,2,2,2,2,4112,4113,4113,4113,4113,4113,4113,4113,4113,4113,4113,4113,4113,4113,4113,4113,4113,4114,2,
2,2,2,2,2,2,2,2,2,2,2,2,2,2,2,2,2,2,2,2,2,2,2,2,2,2,2,2,2,2,2,2,2,2,2,2,2,2,2,2,2,2,2,2,2,2,2,2,2,2,2,2,2,2,2,2,2,2,2,2,2,2,2,4112,4113,4113,4113,4113,4113,4113,4113,4113,4113,4113,4113,4113,4113,4113,4113,4113,4114,2,
2,2,2,2,2,2,2,2,2,2,2,2,2,2,2,2,2,2,2,2,2,2,2,2,2,2,2,2,2,2,2,2,2,2,2,2,2,2,2,2,2,2,2,2,2,2,2,2,2,2,2,2,2,2,2,2,2,2,2,2,2,2,2,4112,4113,4113,4113,4113,4113,4113,4113,4113,4113,4113,4113,4113,4113,4113,4113,4113,4114,2,
2,2,2,2,2,2,2,2,2,2,2,2,2,2,2,2,2,2,2,2,2,2,2,2,2,2,2,2,2,2,2,2,2,2,2,2,2,2,2,2,2,2,2,2,2,2,2,2,2,2,2,2,2,2,2,2,2,2,2,2,2,2,2,4112,4113,4113,4113,4113,4113,4113,4113,4113,4113,4113,4113,4113,4113,4113,4113,4113,4114,2,
2,2,2,2,2,2,2,2,2,2,2,2,2,2,2,2,2,2,2,2,2,2,2,2,2,2,2,2,2,2,2,2,2,2,2,2,4302,4303,4303,4303,4304,2,2,2,2,2,2,2,2,2,2,2,2,2,2,2,2,2,2,2,2,2,2,4112,4113,4113,4113,4113,4113,4113,4113,4113,4113,4113,4113,4113,4113,4113,4113,4113,4114,2,
2,2,2,2,2,2,2,2,2,2,2,2,2,2,2,2,2,2,2,2,2,2,2,2,2,2,2,2,2,2,2,2,2,2,2,2,4393,4394,4394,4394,4395,2,2,2,2,2,2,2,2,2,2,2,2,2,2,2,2,2,2,2,2,2,2,4112,4113,4113,4113,4113,4113,4113,4113,4113,4113,4113,4113,4113,4113,4113,4113,4113,4114,2,
2,2,2,2,2,2,2,2,2,2,2,2,2,2,2,2,2,2,2,2,2,2,2,2,2,2,2,2,2,2,2,2,2,2,2,2,4393,4394,4394,4394,4395,2,2,2,2,2,2,2,2,2,2,2,2,2,2,2,2,2,2,2,2,2,2,4112,4113,4113,4113,4113,4113,4113,4113,4113,4113,4113,4113,4113,4113,4113,4113,4113,4114,2,
2,2,2,2,2,2,2,2,2,2,2,2,2,2,2,2,2,2,2,2,2,2,2,2,2,2,2,2,2,2,2,2,2,2,2,2,4393,4394,4394,4394,4395,2,2,2,2,2,2,2,2,2,2,2,2,2,2,2,2,2,2,2,2,2,2,4112,4113,4113,4113,4113,4113,4113,4113,4113,4113,4113,4113,4113,4113,4113,4113,4113,4114,2,
2,2,2,2,2,2,2,2,2,2,2,2,2,2,2,2,2,2,2,2,2,2,2,2,2,2,2,2,2,2,2,2,2,2,2,2,4393,4394,4394,4394,4395,2,2,2,2,2,2,2,2,2,2,2,2,2,2,2,2,2,2,2,2,2,2,4112,4113,4113,4113,4113,4113,4113,4113,4113,4113,4113,4113,4113,4113,4113,4113,4113,4114,2,
2,2,2,2,2,2,2,2,2,2,2,2,2,2,2,2,2,2,2,2,2,2,2,2,2,2,2,2,2,2,2,2,2,2,2,2,4484,4485,4485,4485,4486,2,2,2,2,2,2,2,2,2,2,2,2,2,2,2,2,2,2,2,2,2,2,4203,4204,4204,4204,4204,4204,4204,4204,4204,4204,4204,4204,4204,4204,4204,4204,4204,4205,2,
2,2,2,2,2,2,2,2,2,2,2,2,2,2,2,2,2,2,2,2,2,2,2,2,2,2,2,2,2,2,2,2,2,2,2,2,2,2,2,2,2,2,2,2,2,2,2,2,2,2,2,2,2,2,2,2,2,2,2,2,2,2,2,2,2,2,2,2,2,2,2,2,2,2,2,2,2,2,2,2,2,2,
2,17,17,17,17,17,17,17,17,17,17,17,17,17,17,17,17,17,17,17,17,17,17,17,17,17,17,17,17,17,17,17,17,17,17,17,17,17,17,17,17,17,17,17,17,17,17,17,17,17,17,17,17,17,17,17,17,17,17,17,17,17,17,17,17,17,17,17,17,17,17,17,17,17,17,17,17,17,17,17,17,2,
2,17,17,17,17,17,17,17,17,17,17,17,17,17,17,17,17,17,17,17,17,17,17,17,17,17,17,17,17,17,17,17,17,17,17,17,17,17,17,17,17,17,17,17,17,17,17,17,17,17,17,17,17,17,17,17,17,17,17,17,17,17,17,17,17,17,17,17,17,17,17,17,17,17,17,17,17,17,17,17,17,2,
2,17,17,17,17,2,2,2,2,2,2,2,2,2,2,2,2,2,2,2,2,2,2,2,2,2,2,2,2,2,2,2,2,2,2,2,2,2,2,2,2,2,2,2,2,2,2,2,2,2,2,2,2,2,2,2,2,2,2,2,2,2,2,2,2,2,2,2,2,2,2,2,2,1377,1377,1377,1377,2,2,17,17,2,
2,17,17,17,17,2,2,2,2,2,2,2,2,2,2,2,2,2,2,2,2,2,2,2,2,2,2,2,2,2,2,2,2,2,2,2,2,2,2,2,2,2,2,2,2,2,2,2106,2107,2106,2107,2108,2107,2108,2106,2107,2108,2107,2108,2106,2107,2108,2106,2107,2108,2108,2108,2107,2108,2106,2107,2108,2106,2107,2108,2106,2107,2108,2,17,17,2,
2,17,17,17,17,2,2,2,2,2,2,2,2,2,2,2,2,2,2,2,2,2,2,2,2,2,2,2,2,2,2,2,2,2,2,2,2,2,2,2,2,2,2,2,2,2,2,2106,2106,2106,2107,2108,2107,2108,2106,2107,2108,2107,2108,2106,2107,2108,2107,2108,2108,2108,2108,2107,2108,2106,2107,2108,2106,2107,2108,2108,2107,2108,2,17,17,2,
2,17,17,17,17,2,2,2,2,2,2,2,2,2,2,2,2,2,2,2,2,2,2,2,2,2,2,2,2,2,2,2,2,2,2,2,2,2,2,2,2,2,2,2,2,2,2,2106,2106,2106,2107,2108,2107,2108,2106,2107,2108,2107,2108,2106,2107,2108,2108,2108,2108,2108,2108,2108,2108,2106,2107,2108,2106,2107,2108,2108,2107,2108,2,17,17,2,
2,17,17,17,17,2,2,2,2,2,2,2,2,2,2,2,2,2,2,2,2,2,2,2,2,2,2,2,2,2,2,2,2,2,2,2,2,2,2,2,2,2,2,2,2,2,2,2106,2106,2106,2107,2108,2107,2108,2106,2107,2108,2107,2108,2106,2107,2108,2108,2108,2108,2108,2108,2108,2108,2106,2107,2108,2106,2107,2108,2108,2107,2108,2,17,17,2,
2,17,17,17,17,2,2,2,2,2,2,2,2,2,2,2,2,2,2,2,2,2,2,2,2,2,2,2,2,2,2,2,2,2,2,2,2,2,2,2,2,2,2,2,2,2,2,2107,2106,2107,2108,2108,2108,2108,2107,2108,2108,2108,2108,2107,2108,2108,2108,2108,2108,2108,2108,2108,2108,2107,2108,2108,2107,2108,2108,2108,2108,2108,2,17,17,2,
2,17,17,17,17,2,2,2,2,2,2,2,2,2,2,2,2,2,2,2,2,2,2,2,2,2,2,2,2,2,2,2,2,2,2,2,2,2,2,2,2,2,2,2,2,2,2,2106,2107,2106,2107,2108,2107,2108,2106,2107,2108,2107,2108,2106,2107,2108,2108,2108,2108,2108,2108,2108,2108,2106,2107,2108,2106,2107,2108,2108,2107,2108,2,17,17,2,
2,17,17,17,17,2,2,2,2,2,2,2,2,2,2,2,2,2,2,2,2,2,2,2,2,2,2,2,2,2,2,2,2,2,2,2,2,2,2,2,2,2,2,2,2,2,2,2106,2106,2106,2107,2108,2107,2106,2107,2108,2108,2107,2108,2106,2107,2108,2108,2108,2108,2108,2108,2108,2108,2106,2107,2108,2106,2107,2108,2108,2107,2108,2,17,17,2,
2,17,17,17,17,2,2,2,2,2,2,2,2,2,2,2,2,2,2,2,2,2,2,2,2,2,2,2,2,2,2,2,2,2,2,2,2,2,2,2,2,2,2,2,2,2,2,2106,2107,2108,2106,2107,2108,2106,2107,2108,2108,2108,2108,2108,2108,2108,2108,2108,2108,2108,2108,2108,2108,2106,2107,2108,2106,2106,2107,2108,2107,2108,2,17,17,2,
2,17,17,17,17,2,2,2,2,2,2,2,2,2,2,2,2,2,2,2,2,2,2,2,2,2,2,2,2,2,2,2,2,2,2,2,2,2,2,2,2,2,2,2,2,2,2,2106,2107,2108,2106,2107,2108,2106,2107,2108,2108,2108,2108,2108,2108,2108,2108,2108,2106,2107,2108,2108,2108,2106,2107,2108,2106,2106,2107,2108,2107,2108,2,17,17,2,
2,17,17,17,17,2,2,2,2,2,2,2,2,2,2,2,2,2,2,2,2,2,2,2,2,2,2,2,2,2,2,2,2,2,2,2,2,2,2,2,2,2,2,2,2,2,2,2106,2107,2108,2106,2107,2108,2106,2107,2108,2106,2107,2108,2106,2107,2108,2106,2106,2107,2108,2107,2108,2108,2106,2107,2108,2106,2107,2108,2108,2107,2108,2,17,17,2,
2,17,17,17,17,2,2,2,2,2,2,2,2,2,2,2,2,2,2,2,2,2,2,2,2,2,2,2,2,2,2,2,2,2,2,2,2,2,2,2,2,2,2,2,2,2,2,2106,2107,2108,2106,2107,2108,2106,2107,2108,2106,2107,2108,2106,2107,2108,2106,2106,2107,2108,2106,2107,2108,2106,2107,2108,2106,2107,2108,2108,2107,2108,2,17,17,2,
2,17,17,17,17,2,2,2,2,2,2,2,2,2,2,2,2,2,2,2,2,2,2,2,2,2,2,2,2,2,2,2,2,2,2,2,2,2,2,2,2,2,2,2,2,2,2,2106,2107,2108,2107,2108,2108,2106,2107,2108,2106,2107,2108,2106,2107,2108,2106,2106,2107,2108,2106,2107,2108,2106,2107,2108,2106,2106,2107,2108,2107,2108,2,17,17,2,
2,17,17,17,17,2,2,2,2,2,2,2,2,2,2,2,2,2,2,2,2,2,2,2,2,2,2,2,2,2,2,2,2,2,2,2,2,2,2,2,2,2,2,2,2,2,2,2106,2107,2108,2106,2107,2108,2106,2107,2108,2106,2107,2108,2106,2107,2108,2106,2106,2107,2108,2106,2107,2108,2106,2107,2108,2106,2106,2107,2108,2107,2108,2,17,17,2,
2,17,17,17,17,2,2,2,2,2,2,2,2,2,2,2,2,2,2,2,2,2,2,2,2,2,2,2,2,2,2,2,2,2,2,2,2,2,2,2,2,2,2,2,2,2,2,2107,2108,2108,2106,2107,2108,2107,2108,2108,2107,2108,2108,2107,2108,2108,2107,2107,2108,2108,2107,2108,2108,2107,2108,2108,2107,2108,2108,2107,2108,2108,2,17,17,2,
2,17,17,17,17,2,2,2,2,2,2,2,2,2,2,2,2,2,2,2,2,2,2,2,2,2,2,2,2,2,2,2,2,2,2,2,2,2,2,2,2,2,2,2,2,2,2,2106,2107,2108,2106,2107,2108,2106,2107,2108,2106,2107,2108,2106,2107,2108,2106,2106,2107,2108,2106,2107,2108,2106,2107,2108,2106,2107,2108,2106,2107,2108,2,17,17,2,
2,17,17,17,17,2,2,2,2,2,2,2,2,2,2,2,2,2,2,2,2,2,2,2,2,2,2,2,2,2,2,2,2,2,2,2,2,2,2,2,2,2,2,2,2,2,2,2106,2107,2108,2106,2107,2108,2106,2107,2108,2106,2107,2108,2106,2107,2108,2106,2106,2107,2108,2106,2107,2108,2106,2107,2108,2106,2107,2108,2106,2107,2108,2,17,17,2,
2,17,17,17,17,2,2,2,2,2,2,2,2,2,2,2,2,2,2,2,2,2,2,2,2,2,2,2,2,2,2,2,2,2,2,2,2,2,2,2,2,2,2,2,2,2,2,2,2,2,2,2,2,2,2,2,2,2,2,2,2,2,2,2,2,2,2,2,2,2,2,2,2,2,2,2,2,2,2,17,17,2,
2,17,17,17,17,17,17,17,17,17,17,17,17,17,17,17,17,17,17,17,17,17,17,17,17,17,17,17,17,17,17,17,17,17,17,17,17,17,17,17,17,17,17,17,17,17,17,17,17,17,17,17,17,17,17,17,17,17,17,17,17,17,17,17,17,17,17,17,17,17,17,17,17,17,17,17,17,17,17,17,17,2,
2,17,17,17,17,17,17,17,17,17,17,17,17,17,17,17,17,17,17,17,17,17,17,17,17,17,17,17,17,17,17,17,17,17,17,17,17,17,17,17,17,17,17,17,17,17,17,17,17,17,17,17,17,17,17,17,17,17,17,17,17,17,17,17,17,17,17,17,17,17,17,17,17,17,17,17,17,17,17,17,17,2,
2,2,2,2,2,2,2,2,2,2,2,2,2,2,2,2,2,2,2,2,2,2,2,2,2,2,2,2,2,2,2,2,2,2,2,2,2,2,2,2,2,2,2,2,2,2,2,2,2,2,2,2,2,2,2,2,2,2,2,2,2,2,2,2,2,2,2,2,2,2,2,2,2,2,2,2,2,2,2,2,2,2