1285,1103,1103,1103,1103,1103,1103,1103,1103,1103,1103,1103,1103,1103,1103,1103,1103,1103,1103,1103,1103,1103,1103,1103,1103,1103,1103,1103,1103,1103,1103,1103,1103,1103,1103,1103,1103,1103,1103,1103,1103,1103,1103,1103,1103,1103,1103,1103,1103,1103,1103,1103,1103,1103,1103,1103,1103,1103,1103,1103,1103,1103,1103,1103,1103,1103,1103,1103,1103,1103,1103,1103,1103,1103,1103,1103,1103,1103,1103,1103,1103,1286,
1013,0,0,0,0,0,0,0,0,0,0,0,0,0,0,0,0,0,0,0,0,0,0,0,0,0,0,0,0,0,0,0,0,0,0,0,0,0,0,0,0,0,0,0,0,0,0,0,0,0,0,0,0,0,0,0,0,0,0,0,0,0,0,0,0,0,0,0,0,0,0,0,0,0,0,0,0,0,0,0,0,1011,
1013,0,0,0,0,0,0,0,0,0,0,0,0,0,0,0,0,0,0,0,0,0,0,0,0,0,0,0,0,0,0,0,0,0,0,0,0,0,0,0,0,0,0,0,0,0,0,0,0,0,0,0,0,0,0,0,0,0,0,0,0,0,0,0,0,0,0,0,0,0,0,0,0,0,0,0,0,0,0,0,0,1011,
1013,0,0,0,0,0,0,0,0,0,0,0,0,0,0,0,0,0,0,0,0,0,0,0,0,0,0,0,0,0,0,0,0,0,0,0,0,0,0,0,0,0,0,0,0,0,0,0,0,0,0,0,0,0,0,0,0,0,0,0,0,0,0,0,0,0,0,0,0,0,0,0,0,0,0,0,0,0,0,0,0,1011,
1013,0,0,0,0,19,22,22,22,22,22,22,22,22,22,22,22,22,22,22,22,22,22,22,22,22,22,22,22,22,22,22,22,22,22,22,22,22,22,22,22,22,22,22,22,22,22,22,22,22,22,22,22,22,22,22,22,22,22,22,22,22,23,0,0,0,0,0,0,0,0,0,0,0,0,0,0,0,0,0,0,1011,
1013,0,0,0,0,110,111,112,113,111,112,113,111,112,113,111,112,113,111,112,113,111,112,111,112,113,111,112,113,111,112,113,111,111,112,113,111,112,113,111,112,113,111,112,113,111,112,113,111,112,113,111,112,113,111,112,111,112,113,111,112,113,205,0,0,0,0,0,0,0,0,0,0,0,0,0,0,0,0,0,0,1011,
1013,0,0,0,0,110,202,203,204,202,203,204,202,203,204,202,203,204,202,203,204,202,203,202,203,204,202,203,204,202,203,204,202,202,203,204,202,203,204,202,203,204,202,203,204,202,203,204,202,203,204,202,203,204,202,203,202,203,204,202,203,204,205,0,0,0,0,0,0,0,0,0,0,0,0,0,0,0,0,0,0,1011,
1013,0,0,0,0,110,111,112,113,111,112,113,111,112,113,111,112,113,111,112,113,111,112,111,112,113,111,112,113,111,112,113,111,111,112,113,111,112,113,111,112,113,111,112,113,111,112,113,111,112,113,111,112,113,111,112,111,112,113,111,112,113,205,0,0,0,0,0,0,0,0,0,0,0,0,0,0,0,0,0,0,1011,
1013,0,0,0,0,110,202,203,204,202,203,204,111,112,113,111,112,113,202,203,204,202,203,202,203,204,202,203,204,202,203,204,202,202,203,204,202,203,204,202,203,204,202,203,204,202,203,204,202,203,204,202,203,204,202,203,202,203,204,202,203,204,205,0,0,0,0,0,0,0,0,0,0,0,0,0,0,0,0,0,0,1011,
1013,0,0,0,0,110,111,112,113,111,112,113,202,203,204,202,203,204,383,295,295,295,295,295,295,295,295,295,295,295,295,295,295,295,295,295,295,295,295,295,295,295,295,295,295,295,295,295,295,384,111,112,113,111,112,113,111,112,113,111,112,113,205,0,0,0,0,0,0,0,0,0,0,0,0,0,0,0,0,0,0,1011,
1013,0,0,0,0,110,202,203,204,202,203,204,111,112,113,111,112,113,114,0,0,0,0,0,0,0,0,0,0,0,0,0,0,0,0,0,0,0,0,0,0,0,0,0,0,0,0,0,0,201,202,203,204,202,203,204,202,203,204,202,203,204,205,0,0,0,0,0,0,0,0,0,0,0,0,0,0,0,0,0,0,1011,
1013,0,0,0,0,110,111,112,113,111,112,113,202,203,204,202,203,204,114,0,0,0,0,0,0,0,0,0,0,0,0,0,0,0,0,0,0,0,0,0,0,0,0,0,0,0,0,0,0,201,111,112,113,111,112,113,111,112,113,111,112,113,205,0,0,0,0,0,0,0,0,0,0,0,0,0,0,0,0,0,0,1011,
1013,0,0,0,0,110,202,203,204,202,203,204,111,112,113,111,112,113,114,0,0,0,0,0,0,0,0,0,0,0,0,0,0,0,0,0,0,0,0,0,0,0,0,0,0,0,0,0,0,201,202,203,204,202,203,204,202,203,204,202,203,204,205,0,0,0,0,0,0,0,0,0,0,0,0,0,0,0,0,0,0,1011,
1013,0,0,0,0,110,111,112,113,111,112,113,202,203,204,202,203,204,114,0,0,0,0,0,0,0,0,0,0,0,0,0,0,0,0,0,0,0,0,0,0,0,0,0,0,0,0,0,0,201,111,112,113,111,112,113,111,112,113,111,112,113,205,0,0,0,0,0,0,0,0,0,0,0,0,0,0,0,0,0,0,1011,
1013,0,0,0,0,110,202,203,204,202,203,204,111,112,113,111,112,113,114,0,0,0,0,0,0,0,0,0,0,0,0,0,0,0,0,0,0,0,0,0,0,0,0,0,0,0,0,0,0,201,202,203,204,202,203,204,202,203,204,202,203,204,205,0,0,0,0,0,0,0,0,0,0,0,0,0,0,0,0,0,0,1011,
1013,0,0,0,0,110,111,112,113,111,112,113,202,203,204,202,203,204,114,0,0,0,0,0,0,0,0,0,0,0,0,0,0,0,0,0,0,0,0,0,0,0,0,0,0,0,0,0,0,201,111,112,113,111,112,113,111,112,113,111,112,113,205,0,0,0,0,0,0,0,0,0,0,0,0,0,0,0,0,0,0,1011,
1013,0,0,0,0,110,202,203,204,202,203,204,111,112,113,111,112,113,114,0,0,0,0,0,0,0,0,0,0,0,0,0,0,0,0,0,0,0,0,0,0,0,0,0,0,0,0,0,0,201,202,203,204,202,203,204,202,203,204,202,203,204,205,0,0,0,0,0,0,0,0,0,0,0,0,0,0,0,0,0,0,1011,
1013,0,0,0,0,110,111,112,113,111,112,113,202,203,204,202,203,204,114,0,0,0,0,0,0,0,0,0,0,0,0,0,0,0,0,0,0,0,0,0,0,0,0,0,0,0,0,0,0,201,111,112,113,111,112,113,111,112,113,111,112,113,205,0,0,0,0,0,0,0,0,0,0,0,0,0,0,0,0,0,0,1011,
1013,0,0,0,0,110,202,203,204,202,203,204,111,112,113,111,112,113,114,0,0,0,0,0,0,0,0,0,0,0,0,0,0,0,0,0,0,0,0,0,0,0,0,0,0,0,0,0,0,201,202,203,204,202,203,204,202,203,204,202,203,204,205,0,0,0,0,0,0,0,0,0,0,0,0,0,0,0,0,0,0,1011,
1013,0,0,0,0,110,111,112,113,111,112,113,202,203,204,202,203,204,114,0,0,0,0,0,0,0,0,0,0,0,0,0,0,0,0,0,0,0,0,0,0,0,0,0,0,0,0,0,0,201,111,112,113,111,112,113,111,112,113,111,112,113,205,0,0,0,0,0,0,0,0,0,0,0,0,0,0,0,0,0,0,1011,
1013,0,0,0,0,110,202,203,204,202,203,204,111,112,113,111,112,113,114,0,0,0,0,0,0,0,0,0,0,0,0,0,0,0,0,0,0,0,0,0,0,0,0,0,0,0,0,0,0,201,202,203,204,202,203,204,202,203,204,202,203,204,205,0,0,0,0,0,0,0,0,0,0,0,0,0,0,0,0,0,0,1011,
1013,0,0,0,0,110,111,112,113,111,112,113,202,203,204,202,203,204,114,0,0,0,0,0,0,0,0,0,0,0,0,0,0,0,0,0,0,0,0,0,0,0,0,0,0,0,0,0,0,201,111,112,113,111,112,113,111,112,113,111,112,113,205,0,0,0,0,0,0,0,0,0,0,0,0,0,0,0,0,0,0,1011,
1013,0,0,0,0,110,202,203,204,202,203,204,111,112,113,111,112,113,114,0,0,0,0,0,0,0,0,0,0,0,0,0,0,0,0,0,0,0,0,0,0,0,0,0,0,0,0,0,0,201,202,203,204,202,203,204,202,203,204,202,203,204,205,0,0,0,0,0,0,0,0,0,0,0,0,0,0,0,0,0,0,1011,
1013,0,0,0,0,110,111,112,113,111,112,113,202,203,204,202,203,204,114,0,0,0,0,0,0,0,0,0,0,0,0,0,0,0,0,0,0,0,0,0,0,0,0,0,0,0,0,0,0,201,111,112,113,111,112,113,111,112,113,111,112,113,205,0,0,0,0,0,0,0,0,0,0,0,0,0,0,0,0,0,0,1011,
1013,0,0,0,0,110,202,203,204,202,203,204,111,112,113,111,112,113,114,0,0,0,0,0,0,0,0,0,0,0,0,0,0,0,0,0,0,0,0,0,0,0,0,0,0,0,0,0,0,201,202,203,204,202,203,204,202,203,204,202,203,204,205,0,0,0,0,0,0,0,0,0,0,0,0,0,0,0,0,0,0,1011,
1013,0,0,0,0,110,111,112,113,111,112,113,202,203,204,202,203,204,114,0,0,0,0,0,0,0,0,0,0,0,0,0,0,0,0,0,0,0,0,0,0,0,0,0,0,0,0,0,0,201,111,112,113,111,112,113,111,112,113,111,112,113,205,0,0,0,0,0,0,0,0,0,0,0,0,0,0,0,0,0,0,1011,
1013,0,0,0,0,110,202,203,204,202,203,204,111,112,113,111,112,113,114,0,0,0,0,0,0,0,0,0,0,0,0,0,0,0,0,0,0,0,0,0,0,0,0,0,0,0,0,0,0,201,202,203,204,202,203,204,202,203,204,202,203,204,205,0,0,0,0,0,0,0,0,0,0,0,0,0,0,0,0,0,0,1011,
1013,0,0,0,0,110,111,112,113,111,112,113,202,203,204,202,203,204,114,0,0,0,0,0,0,0,0,0,0,0,0,0,0,0,0,0,0,0,0,0,0,0,0,0,0,0,0,0,0,201,111,112,113,111,112,113,111,112,113,111,112,113,205,0,0,0,0,0,0,0,0,0,0,0,0,0,0,0,0,0,0,1011,
1013,0,0,0,0,110,202,203,204,202,203,204,111,112,113,111,112,113,114,0,0,0,0,0,0,0,0,0,0,0,0,0,0,0,0,0,0,0,0,0,0,0,0,0,0,0,0,0,0,201,202,203,204,202,203,204,202,203,204,202,203,204,205,0,0,0,0,0,0,0,0,0,0,0,0,0,0,0,0,0,0,1011,
1013,0,0,0,0,110,111,112,113,111,112,113,202,203,204,202,203,204,114,0,0,0,0,0,0,0,0,0,0,0,0,0,0,0,0,0,0,0,0,0,0,0,0,0,0,0,0,0,0,201,111,112,113,111,112,113,111,112,113,111,112,113,205,0,0,0,0,0,0,0,0,0,0,0,0,0,0,0,0,0,0,1011,
1013,0,0,0,0,110,202,203,204,202,203,204,111,112,113,111,112,113,474,20,20,20,20,20,20,20,20,20,20,20,20,20,20,20,20,20,1873,0,0,0,1876,20,20,20,20,20,20,20,20,475,202,203,204,202,203,204,202,203,204,202,203,204,205,0,0,0,0,0,0,0,0,0,0,0,0,0,0,0,0,0,0,1011,
1013,0,0,0,0,110,111,112,113,111,112,113,202,203,204,111,112,113,111,112,113,111,112,113,111,111,112,113,111,112,113,111,112,113,111,112,1873,0,0,0,1876,112,113,111,112,113,113,111,112,113,111,112,113,111,112,113,111,112,113,111,112,113,205,0,0,0,0,0,0,0,0,0,0,0,0,0,0,0,0,0,0,1011,
1013,0,0,0,0,110,202,203,204,202,203,204,111,112,113,202,203,204,202,203,204,202,203,204,202,202,203,204,202,203,204,202,203,204,202,203,1873,0,0,0,1876,203,204,202,203,204,204,202,203,204,202,203,204,202,203,204,202,203,204,202,203,204,205,0,0,0,0,0,0,0,0,0,0,0,0,0,0,0,0,0,0,1011,
1013,0,0,0,0,110,111,112,113,111,112,113,202,203,204,111,112,113,111,112,113,111,112,113,111,111,112,113,111,112,113,111,112,113,111,112,1873,0,0,0,1876,112,113,111,112,113,113,111,112,113,111,112,113,111,112,113,111,112,113,111,112,113,205,0,0,0,0,0,0,0,0,0,0,0,0,0,0,0,0,0,0,1011,
1013,0,0,0,0,110,202,203,204,202,203,204,202,203,204,202,203,204,202,203,204,202,203,204,202,202,203,204,202,203,204,202,203,204,202,203,1873,0,0,0,1876,203,204,202,203,204,204,202,203,204,202,203,204,202,203,204,202,203,204,202,203,204,205,0,0,0,0,0,0,0,0,0,0,0,0,0,0,0,0,0,0,1011,
1013,0,0,0,0,292,293,293,293,293,293,293,293,293,293,293,293,293,293,293,293,293,293,293,293,293,293,293,293,293,293,293,293,293,293,293,1873,0,0,0,1876,293,293,293,293,293,293,293,293,293,293,293,293,293,293,293,293,293,293,293,293,293,296,0,0,0,0,0,0,0,0,0,0,0,0,0,0,0,0,0,0,1011,
1013,0,0,0,0,0,0,0,0,0,0,0,0,0,0,0,0,0,0,0,0,0,0,0,0,0,0,0,0,0,0,0,0,0,0,0,0,0,0,0,0,0,0,0,0,0,0,0,0,0,0,0,0,0,0,0,0,0,0,0,0,0,0,0,0,0,0,0,0,0,0,0,0,0,0,0,0,0,0,0,0,1011,
1013,0,0,0,0,0,0,0,0,0,0,0,0,0,0,0,0,0,0,0,0,0,0,0,0,0,0,0,0,0,0,0,0,0,0,0,0,0,0,0,0,0,0,0,0,0,0,0,0,0,0,0,0,0,0,0,0,0,0,0,0,0,0,0,0,0,0,0,0,0,0,0,0,0,0,0,0,0,0,0,0,1011,
1013,0,0,0,0,0,0,0,0,0,0,0,0,0,0,0,0,0,0,0,0,0,0,0,0,0,0,0,0,0,0,0,0,0,0,0,0,0,0,0,0,0,0,0,0,0,0,0,0,0,0,0,0,0,0,0,0,0,0,0,0,0,0,0,0,0,0,0,0,0,0,0,0,0,0,0,0,0,0,0,0,1011,
1013,0,0,0,0,0,0,0,0,0,0,0,0,0,0,0,0,0,0,0,0,0,0,0,0,0,0,0,0,0,0,0,0,0,0,0,0,0,0,0,0,0,0,0,0,0,2014,2015,2015,2015,2015,2015,2015,2015,2015,2015,2015,2015,2015,2015,2015,2015,2015,2015,2015,2015,2015,2015,2015,2015,2015,2015,2015,0,0,0,0,2017,2018,0,0,1011,
1013,0,0,0,0,1782,1783,1783,1783,1783,1783,1783,1783,1783,1783,1783,1783,1783,1783,1783,1783,1783,1783,1783,1783,1783,1783,1783,1783,1783,1783,1783,1783,1783,1783,1783,1783,1785,0,0,0,0,0,0,0,0,2105,0,0,0,0,0,0,0,0,0,0,0,0,0,0,0,0,0,0,0,0,0,0,0,0,0,0,0,0,0,0,0,2109,0,0,1011,
1013,0,0,0,0,1691,0,0,0,0,0,0,0,0,0,0,0,0,0,0,0,0,0,0,0,0,0,0,0,0,0,0,0,0,0,0,0,1876,0,0,0,0,0,0,0,0,2105,0,0,0,0,0,0,0,0,0,0,0,0,0,0,0,0,0,0,0,0,0,0,0,0,0,0,0,0,0,0,0,2109,0,0,1011,
1013,0,0,0,0,1691,0,0,0,0,0,0,0,0,0,0,0,0,0,0,0,0,0,0,0,0,0,0,0,0,0,0,0,0,0,0,0,1876,0,0,0,0,0,0,0,0,2105,0,0,0,0,0,0,0,0,0,0,0,0,0,0,0,0,0,0,0,0,0,0,0,0,0,0,0,0,0,0,0,2109,0,0,1011,
1013,0,0,0,0,1691,0,0,0,0,0,0,0,0,0,0,0,0,0,0,0,0,0,0,0,0,0,0,0,0,0,0,0,0,0,0,0,1876,0,0,0,0,0,0,0,0,2105,0,0,0,0,0,0,0,0,0,0,0,0,0,0,0,0,0,0,0,0,0,0,0,0,0,0,0,0,0,0,0,2109,0,0,1011,
1013,0,0,0,0,1691,0,0,0,0,0,0,0,0,0,0,0,0,0,0,0,0,0,0,0,0,0,0,0,0,0,0,0,0,0,0,0,1876,0,0,0,0,0,0,0,0,2105,0,0,0,0,0,0,0,0,0,0,0,0,0,0,0,0,0,0,0,0,0,0,0,0,0,0,0,0,0,0,0,2109,0,0,1011,
1013,0,0,0,0,1691,0,0,0,0,0,0,0,0,0,0,0,0,0,0,0,0,0,0,0,0,0,0,0,0,0,0,0,0,0,0,0,1876,0,0,0,0,0,0,0,0,2105,0,0,0,0,0,0,0,0,0,0,0,0,0,0,0,0,0,0,0,0,0,0,0,0,0,0,0,0,0,0,0,2109,0,0,1011,
1013,0,0,0,0,1691,0,0,0,0,0,0,0,0,0,0,0,0,0,0,0,0,0,0,0,0,0,0,0,0,0,0,0,0,0,0,0,1876,0,0,0,0,0,0,0,0,2105,0,0,0,0,0,0,0,0,0,0,0,0,0,0,0,0,0,0,0,0,0,0,0,0,0,0,0,0,0,0,0,2109,0,0,1011,
1013,0,0,0,0,1691,0,0,0,0,0,0,0,0,0,0,0,0,0,0,0,0,0,0,0,0,0,0,0,0,0,0,0,0,0,0,0,1876,0,0,0,0,0,0,0,0,2105,0,0,0,0,0,0,0,0,0,0,0,0,0,0,0,0,0,0,0,0,0,0,0,0,0,0,0,0,0,0,0,2109,0,0,1011,
1013,0,0,0,0,1691,0,0,0,0,0,0,0,0,0,0,0,0,0,0,0,0,0,0,0,0,0,0,0,0,0,0,0,0,0,0,0,1876,0,0,0,0,0,0,0,0,2105,0,0,0,0,0,0,0,0,0,0,0,0,0,0,0,0,0,0,0,0,0,0,0,0,0,0,0,0,0,0,0,2109,0,0,1011,
1013,0,0,0,0,1691,0,0,0,0,0,0,0,0,0,0,0,0,0,0,0,0,0,0,0,0,0,0,0,0,0,0,0,0,0,0,0,1876,0,0,0,0,0,0,0,0,2105,0,0,0,0,0,0,0,0,0,0,0,0,0,0,0,0,0,0,0,0,0,0,0,0,0,0,0,0,0,0,0,2109,0,0,1011,
1013,0,0,0,0,1691,0,0,0,0,0,0,0,0,0,0,0,0,0,0,0,0,0,0,0,0,0,0,0,0,0,0,0,0,0,0,0,1876,0,0,0,0,0,0,0,0,2105,0,0,0,0,0,0,0,0,0,0,0,0,0,0,0,0,0,0,0,0,0,0,0,0,0,0,0,0,0,0,0,2109,0,0,1011,
1013,0,0,0,0,1691,0,0,0,0,0,0,0,0,0,0,0,0,0,0,0,0,0,0,0,0,0,0,0,0,0,0,0,0,0,0,0,1694,0,0,0,0,0,0,0,0,2105,0,0,0,0,0,0,0,0,0,0,0,0,0,0,0,0,0,0,0,0,0,0,0,0,0,0,0,0,0,0,0,2109,0,0,1011,
1013,0,0,0,0,1691,0,0,0,0,0,0,0,0,0,0,0,0,0,0,0,0,0,0,0,0,0,0,0,0,0,0,0,0,0,0,0,0,0,0,0,0,0,0,0,0,2105,0,0,0,0,0,0,0,0,0,0,0,0,0,0,0,0,0,0,0,0,0,0,0,0,0,0,0,0,0,0,0,2109,0,0,1011,
1013,0,0,0,0,1691,0,0,0,0,0,0,0,0,0,0,0,0,0,0,0,0,0,0,0,0,0,0,0,0,0,0,0,0,0,0,0,0,0,0,0,0,0,0,0,0,2105,0,0,0,0,0,0,0,0,0,0,0,0,0,0,0,0,0,0,0,0,0,0,0,0,0,0,0,0,0,0,0,2109,0,0,1011,
1013,0,0,0,0,1691,0,0,0,0,0,0,0,0,0,0,0,0,0,0,0,0,0,0,0,0,0,0,0,0,0,0,0,0,0,0,0,0,0,0,0,0,0,0,0,0,2105,0,0,0,0,0,0,0,0,0,0,0,0,0,0,0,0,0,0,0,0,0,0,0,0,0,0,0,0,0,0,0,2109,0,0,1011,
1013,0,0,0,0,1691,0,0,0,0,0,0,0,0,0,0,0,0,0,0,0,0,0,0,0,0,0,0,0,0,0,0,0,0,0,0,0,1876,0,0,0,0,0,0,0,0,2105,0,0,0,0,0,0,0,0,0,0,0,0,0,0,0,0,0,0,0,0,0,0,0,0,0,0,0,0,0,0,0,2109,0,0,1011,
1013,0,0,0,0,1964,1783,1783,1783,1783,1783,1783,1783,1783,1783,1783,1783,1783,1783,1783,1783,1783,1783,1783,1783,1783,1783,1783,1783,1783,1783,1783,1783,1783,1783,1783,1783,1967,0,0,0,0,0,0,0,0,2196,2197,2197,2197,2197,2197,2197,2197,2197,2197,2197,2197,2197,2197,2197,2197,2197,2197,2197,2197,2197,2197,2197,2197,2197,2197,2197,2197,2197,2197,2197,2197,2200,0,0,1011,
1013,0,0,0,0,0,0,0,0,0,0,0,0,0,0,0,0,0,0,0,0,0,0,0,0,0,0,0,0,0,0,0,0,0,0,0,0,0,0,0,0,0,0,0,0,0,0,0,0,0,0,0,0,0,0,0,0,0,0,0,0,0,0,0,0,0,0,0,0,0,0,0,0,0,0,0,0,0,0,0,0,1011,
1013,0,0,0,0,0,0,0,0,0,0,0,0,0,0,0,0,0,0,0,0,0,0,0,0,0,0,0,0,0,0,0,0,0,0,0,0,0,0,0,0,0,0,0,0,0,0,0,0,0,0,0,0,0,0,0,0,0,0,0,0,0,0,0,0,0,0,0,0,0,0,0,0,0,0,0,0,0,0,0,0,1011,
1195,921,921,921,921,921,921,921,921,921,921,921,921,921,921,921,921,921,921,921,921,921,921,921,921,921,921,921,921,921,921,921,921,921,921,921,921,921,921,921,921,921,921,921,921,921,921,921,921,921,921,921,921,921,921,921,921,921,921,921,921,921,921,921,921,921,921,921,921,921,921,921,921,921,921,921,921,921,921,921,921,1194