0,0,0,0,0,0,0,0,0,0,0,0,0,0,0,0,0,0,0,0,0,0,0,0,0,0,0,0,0,0,0,0,0,0,0,0,0,0,0,0,0,0,0,0,0,0,0,0,0,0,0,0,0,0,0,0,0,0,0,0,0,0,0,0,0,0,0,0,0,0,0,0,0,0,0,0,0,0,0,0,0,0,
0,0,0,0,0,0,0,0,0,0,0,0,0,0,0,0,0,0,0,0,0,0,0,0,0,0,0,0,0,0,0,0,0,0,0,0,0,0,0,0,0,0,0,0,0,0,0,0,0,0,0,0,0,0,0,0,0,0,0,0,0,0,0,0,0,0,0,0,0,0,0,0,0,0,0,0,0,0,0,0,0,0,
0,0,0,0,0,0,0,0,0,0,0,0,0,0,0,0,0,0,0,0,0,0,0,0,0,0,0,0,0,0,0,0,0,0,0,0,0,0,0,0,0,0,0,0,0,0,0,0,0,0,0,0,0,0,0,0,0,0,0,0,0,0,0,0,0,0,0,0,0,0,0,0,0,0,0,0,0,0,0,0,0,0,
0,0,0,0,0,0,0,0,0,0,0,0,0,0,0,0,0,0,0,0,0,0,0,0,0,0,0,0,0,0,0,0,0,0,0,0,0,0,0,0,0,0,0,0,0,0,0,0,0,0,0,0,0,0,0,0,0,0,0,0,0,0,0,0,0,0,0,0,0,0,0,0,0,0,0,0,0,0,0,0,0,0,
0,0,0,0,0,0,0,0,0,0,0,0,0,0,0,0,0,0,0,0,0,0,0,0,0,0,0,0,0,0,0,0,0,0,0,0,0,0,0,0,0,0,0,0,0,0,0,0,0,0,0,0,0,0,0,0,0,0,0,0,0,0,0,0,0,0,0,0,0,0,0,0,0,0,0,0,0,0,0,0,0,0,
0,0,0,0,0,0,0,0,0,0,0,0,0,0,0,0,0,0,0,0,0,0,0,0,0,0,0,0,0,0,0,0,0,0,0,0,0,0,0,0,0,0,0,0,0,0,0,0,0,0,0,0,0,0,0,0,0,0,0,0,0,0,0,0,3933,3933,3933,3933,3933,3933,3933,3933,3933,3933,3933,3933,3933,3933,3933,3933,0,0,
0,0,0,0,0,0,0,0,0,0,0,0,0,0,0,0,0,0,0,0,0,0,0,0,0,0,0,0,0,0,0,0,0,0,0,0,0,0,0,0,0,0,0,0,0,0,0,0,0,0,0,0,0,0,0,0,0,0,0,0,0,0,0,0,3933,3933,3933,3933,3933,3933,3933,3933,3933,3933,3933,3933,3933,3933,3933,3933,0,0,
0,0,0,0,0,0,0,0,0,0,0,0,0,0,0,0,0,0,0,0,0,0,0,0,0,0,0,0,0,0,0,0,0,0,0,0,0,0,0,0,0,0,0,0,0,0,0,0,0,0,0,0,0,0,0,0,0,0,0,0,0,0,0,0,3933,3933,0,0,0,3933,3933,3933,3933,3933,3933,3933,0,0,0,3933,0,0,
0,0,0,0,0,0,0,0,0,0,0,0,0,0,0,0,0,0,0,0,0,0,0,0,0,0,0,0,0,0,0,0,0,0,0,0,0,0,0,0,0,0,0,0,0,0,0,0,0,0,0,0,0,0,0,0,0,0,0,0,0,0,0,0,3933,3933,0,0,0,3933,3933,3933,3933,3933,3933,3933,0,0,0,3933,0,0,
0,0,0,0,0,0,0,0,0,0,0,0,0,0,0,0,0,0,0,0,0,0,0,0,0,0,0,0,0,0,0,0,0,0,0,0,0,0,0,0,0,0,0,0,0,0,0,0,0,0,0,0,0,0,0,0,0,0,0,0,0,0,0,0,3933,3933,3933,3933,3933,3933,3933,3933,3933,3933,3933,3933,3933,3933,3933,3933,0,0,
0,0,0,0,0,0,0,0,0,0,0,0,0,0,0,0,0,0,0,0,0,0,0,0,0,0,0,0,0,0,0,0,0,0,0,0,0,0,0,0,0,0,0,0,0,0,0,0,0,0,0,0,0,0,0,0,0,0,0,0,0,0,0,0,3933,3933,3933,3933,3933,3933,3933,3933,3933,3933,3933,3933,3933,3933,3933,3933,0,0,
0,0,0,0,0,0,0,0,0,0,0,0,0,0,0,0,0,0,0,0,8,8,8,8,8,8,8,8,8,8,8,8,8,8,8,8,8,8,8,8,8,8,8,8,8,8,8,8,0,0,0,0,0,0,0,0,0,0,0,0,0,0,0,0,3933,3933,3933,3933,3933,3933,3933,3933,3933,3933,3933,3933,3933,3933,3933,3933,0,0,
0,0,0,0,0,0,0,0,0,0,0,0,0,0,0,0,0,0,0,0,8,8,8,8,8,8,8,8,8,8,8,8,8,8,8,8,8,8,8,8,8,8,8,8,8,8,8,8,0,0,0,0,0,0,0,0,0,0,0,0,0,0,0,0,3933,3933,3933,3933,3933,3933,3933,3933,3933,3933,3933,3933,3933,3933,3933,3933,0,0,
0,0,0,0,0,0,0,0,0,0,0,0,0,0,0,0,0,0,0,0,0,0,0,0,0,0,0,0,8,8,8,8,8,8,8,8,8,8,8,8,8,8,8,8,8,8,8,8,0,0,0,0,0,0,0,0,0,0,0,0,0,0,0,0,3933,3933,3933,3933,3933,3933,3933,3933,3933,3933,3933,3933,3933,3933,3933,3933,0,0,
0,0,0,0,0,0,0,0,0,0,0,0,0,0,0,0,0,0,0,0,0,0,0,0,0,0,0,0,8,8,8,8,8,8,8,8,8,8,8,8,8,8,8,8,8,8,8,8,0,0,0,0,0,0,0,0,0,0,0,0,0,0,0,0,3933,3933,3933,3933,3933,3933,3933,3933,3933,3933,3933,3933,3933,3933,3933,3933,0,0,
0,0,0,0,0,0,0,0,0,0,0,0,0,0,0,0,0,0,0,0,0,0,0,0,0,0,0,0,8,8,8,8,8,8,8,8,8,8,8,8,8,8,8,8,8,8,8,8,0,0,0,0,0,0,0,0,0,0,0,0,0,0,0,0,3933,3933,3933,3933,3933,3933,3933,3933,3933,3933,3933,3933,3933,3933,3933,3933,0,0,
0,0,0,0,0,0,0,0,0,0,0,0,0,0,0,0,0,0,0,0,0,0,0,0,0,0,0,0,8,8,8,8,8,8,8,8,8,8,8,8,8,8,8,8,8,8,8,8,0,0,0,0,0,0,0,0,0,0,0,0,0,0,0,0,3933,3933,3933,3933,3933,3933,3933,3933,3933,3933,3933,3933,3933,3933,3933,3933,0,0,
0,0,0,0,0,0,0,0,0,0,0,0,0,0,0,0,0,0,0,0,0,0,0,0,0,0,0,0,8,8,8,8,8,8,8,8,8,8,8,8,8,8,8,8,8,8,8,8,0,0,0,0,0,0,0,0,0,0,0,0,0,0,0,0,3933,3933,3933,3933,3933,3933,3933,3933,3933,3933,3933,3933,3933,3933,3933,3933,0,0,
0,0,0,0,0,0,0,0,0,0,0,0,0,0,0,0,0,0,0,0,8,8,8,8,8,8,8,8,8,8,8,8,8,8,8,8,8,8,8,8,8,8,8,8,8,8,8,8,0,0,0,0,0,0,0,0,0,0,0,0,0,0,0,0,3933,3933,3933,3933,3933,3933,3933,0,0,3933,3933,3933,3933,3933,3933,3933,0,0,
0,0,0,0,0,0,0,0,0,0,0,0,0,0,0,0,0,0,0,0,8,8,8,8,8,8,8,8,8,8,8,8,8,8,8,8,8,8,8,8,8,8,8,8,8,8,8,8,0,0,0,0,0,0,0,0,0,0,0,0,0,0,0,0,3933,3933,3933,3933,3933,3933,3933,3933,3933,3933,3933,3933,3933,3933,3933,3933,0,0,
0,0,0,0,0,0,0,0,0,0,0,0,0,0,0,0,0,0,0,0,8,8,8,8,8,8,8,8,8,8,8,8,8,8,8,0,0,0,8,8,8,8,8,8,8,8,8,8,0,0,0,0,0,0,0,0,0,0,0,0,0,0,0,0,3933,3933,3933,3933,3933,3933,3933,3933,3933,3933,3933,3933,3933,3933,3933,3933,0,0,
0,0,0,0,0,0,0,0,0,0,0,0,0,0,0,0,0,0,0,0,8,8,8,8,8,8,8,8,8,8,8,8,8,8,8,0,0,0,8,8,8,8,8,8,8,8,8,8,0,0,0,0,0,0,0,0,0,0,0,0,0,0,0,0,3933,3933,3933,3933,3933,3933,3933,3933,3933,3933,3933,3933,3933,3933,3933,3933,0,0,
0,0,0,0,0,0,0,0,0,0,0,0,0,0,0,0,0,0,0,0,8,8,8,8,8,8,8,8,8,8,8,8,8,8,8,0,0,0,8,8,8,8,8,8,8,8,8,8,0,0,0,0,0,0,0,0,0,0,0,0,0,0,0,0,3933,3933,3933,3933,3933,3933,3933,3933,3933,3933,3933,3933,3933,3933,3933,3933,0,0,
0,0,0,0,0,0,0,0,0,0,0,0,0,0,0,0,0,0,0,0,8,8,8,8,8,8,8,8,8,8,8,8,8,8,8,0,8,8,8,8,8,8,8,8,8,8,8,8,0,0,0,0,0,0,0,0,0,0,0,0,0,0,0,0,3933,3933,3933,3933,3933,3933,3933,3933,3933,3933,3933,3933,3933,3933,3933,3933,0,0,
0,0,0,0,0,0,0,0,0,0,0,0,0,0,0,0,0,0,0,0,8,8,8,8,8,8,8,8,8,8,8,8,8,8,8,0,8,8,8,8,8,8,8,8,8,8,8,8,0,0,0,0,0,0,0,0,0,0,0,0,0,0,0,0,3933,3933,3933,3933,3933,3933,3933,3933,3933,3933,3933,3933,3933,3933,3933,3933,0,0,
0,0,0,0,0,0,0,0,0,0,0,0,0,0,0,0,0,0,0,0,8,8,8,8,8,8,8,8,8,8,8,8,8,8,8,0,8,8,8,8,8,8,8,8,8,8,8,8,0,0,0,0,0,0,0,0,0,0,0,0,0,0,0,0,3933,3933,3933,3933,3933,3933,3933,3933,3933,3933,3933,3933,3933,3933,3933,3933,0,0,
0,0,0,0,0,0,0,0,0,0,0,0,0,0,0,0,0,0,0,0,8,8,8,8,8,8,8,8,8,8,8,8,8,8,8,0,8,8,8,8,8,8,8,8,8,8,8,8,0,0,0,0,0,0,0,0,0,0,0,0,0,0,0,0,3933,3933,3933,3933,3933,3933,3933,3933,3933,3933,3933,3933,3933,3933,3933,3933,0,0,
0,0,0,0,0,0,0,0,0,0,0,0,0,0,0,0,0,0,0,0,8,8,8,8,8,8,8,8,8,8,8,8,8,8,8,0,8,8,8,8,8,8,8,8,8,8,8,8,0,0,0,0,0,0,0,0,0,0,0,0,0,0,0,0,3933,3933,3933,3933,3933,3933,3933,3933,3933,3933,3933,3933,3933,3933,3933,3933,0,0,
0,0,0,0,0,0,0,0,0,0,0,0,0,0,0,0,0,0,0,0,0,0,0,0,0,0,0,0,0,0,0,0,0,0,0,0,0,0,0,0,0,0,0,0,0,0,0,0,0,0,0,0,0,0,0,0,0,0,0,0,0,0,0,0,3933,3933,3933,3933,3933,3933,3933,3933,3933,3933,3933,3933,3933,3933,3933,3933,0,0,
0,0,0,0,0,0,0,0,0,0,0,0,0,0,0,0,0,0,0,0,0,0,0,0,0,0,0,0,0,0,0,0,0,0,0,0,0,0,0,0,0,0,0,0,0,0,0,0,0,0,0,0,0,0,0,0,0,0,0,0,0,0,0,0,3933,3933,0,0,0,3933,3933,3933,3933,3933,3933,0,0,0,3933,3933,0,0,
0,0,0,0,0,0,0,0,0,0,0,0,0,0,0,0,0,0,0,0,0,0,0,0,0,0,0,0,0,0,0,0,0,0,0,0,0,0,0,0,0,0,0,0,0,0,0,0,0,0,0,0,0,0,0,0,0,0,0,0,0,0,0,0,3933,3933,0,0,0,3933,3933,3933,3933,3933,3933,0,0,0,3933,3933,0,0,
0,0,0,0,0,0,0,0,0,0,0,0,0,0,0,0,0,0,0,0,0,0,0,0,0,0,0,0,0,0,0,0,0,0,0,0,0,0,0,0,0,0,0,0,0,0,0,0,0,0,0,0,0,0,0,0,0,0,0,0,0,0,0,0,3933,3933,3933,3933,3933,3933,3933,3933,3933,3933,3933,3933,3933,3933,3933,3933,0,0,
0,0,0,0,0,0,0,0,0,0,0,0,0,0,0,0,0,0,0,0,0,0,0,0,0,0,0,0,0,0,0,0,0,0,0,0,0,0,0,0,0,0,0,0,0,0,0,0,0,0,0,0,0,0,0,0,0,0,0,0,0,0,0,0,3933,3933,3933,3933,3933,3933,3933,3933,3933,3933,3933,3933,3933,3933,3933,3933,0,0,
0,0,0,0,0,0,0,0,0,0,0,0,0,0,0,0,0,0,0,0,0,0,0,0,0,0,0,0,0,0,0,0,0,0,0,0,0,0,0,0,0,0,0,0,0,0,0,0,0,0,0,0,0,0,0,0,0,0,0,0,0,0,0,0,3933,3933,3933,3933,3933,3933,3933,3933,3933,3933,3933,3933,3933,3933,3933,3933,0,0,
0,0,0,0,0,0,0,0,0,0,0,0,0,0,0,0,0,0,0,0,0,0,0,0,0,0,0,0,0,0,0,0,0,0,0,0,0,0,0,0,0,0,0,0,0,0,0,0,0,0,0,0,0,0,0,0,0,0,0,0,0,0,0,0,3933,3933,3933,3933,3933,3933,3933,3933,3933,3933,3933,3933,3933,3933,3933,3933,0,0,
0,0,0,0,0,0,0,0,0,0,0,0,0,0,0,0,0,0,0,0,0,0,0,0,0,0,0,0,0,0,0,0,0,0,0,0,0,0,0,0,0,0,0,0,0,0,0,0,0,0,0,0,0,0,0,0,0,0,0,0,0,0,0,0,0,0,0,0,0,0,0,0,0,0,0,0,0,0,0,0,0,0,
0,0,0,0,0,0,0,0,0,0,0,0,0,0,0,0,0,0,0,0,0,0,0,0,0,0,0,0,0,0,0,0,0,0,0,0,0,0,0,0,0,0,0,0,0,0,0,0,0,0,0,0,0,0,0,0,0,0,0,0,0,0,0,0,0,0,0,0,0,0,0,0,0,0,0,0,0,0,0,0,0,0,
0,0,0,0,0,0,0,0,0,0,0,0,0,0,0,0,0,0,0,0,0,0,0,0,0,0,0,0,0,0,0,0,0,0,0,0,0,0,0,0,0,0,0,0,0,0,0,0,0,0,0,0,0,0,0,0,0,0,0,0,0,0,0,0,0,0,0,0,0,0,0,0,0,0,0,0,0,0,0,0,0,0,
0,0,0,0,0,0,0,0,0,0,0,0,0,0,0,0,0,0,0,0,0,0,0,0,0,0,0,0,0,0,0,0,0,0,0,0,0,0,0,0,0,0,0,0,0,0,0,0,0,0,0,0,0,0,0,0,0,0,0,0,0,0,0,0,0,0,0,0,0,0,0,0,0,0,0,0,0,0,0,0,0,0,
0,0,0,0,0,0,0,0,0,0,0,0,0,0,0,0,0,0,0,0,0,0,0,0,0,0,0,0,0,0,0,0,0,0,0,0,0,0,0,0,0,0,0,0,0,0,0,0,0,0,0,0,0,0,0,0,0,0,0,0,0,0,0,0,0,0,0,0,0,0,0,0,0,0,0,0,0,0,0,0,0,0,
0,0,0,0,0,0,0,0,0,0,0,0,0,0,0,0,0,0,0,0,0,0,0,0,0,0,0,0,0,0,0,0,0,0,0,0,0,0,0,0,0,0,0,0,0,0,0,0,0,0,0,0,0,0,0,0,0,0,0,0,0,0,0,0,0,0,0,0,0,0,0,0,3741,0,0,0,0,0,0,0,0,0,
0,0,0,0,0,0,0,0,0,0,0,0,0,0,0,0,0,0,0,0,0,0,0,0,0,0,0,0,0,0,0,0,0,0,0,0,0,0,0,0,0,0,0,0,0,0,0,0,0,3741,0,0,0,0,0,0,0,0,0,0,0,0,0,0,3741,0,0,0,0,0,0,0,0,0,0,0,0,0,0,0,0,0,
0,0,0,0,0,0,0,4,5,6,4,5,6,4,5,6,4,5,6,4,5,6,4,5,6,4,5,6,0,0,0,0,0,0,0,0,0,0,0,0,0,0,0,0,0,0,0,0,3832,0,0,3741,0,0,0,3741,0,3741,0,0,0,3832,0,0,0,0,3832,0,0,0,3741,0,0,0,3832,0,3741,0,0,0,0,0,
0,0,0,0,0,0,0,4,5,6,4,5,6,4,5,6,4,5,6,4,5,6,4,5,6,4,5,6,0,0,0,0,0,0,0,0,0,0,0,0,0,0,0,0,0,0,0,0,0,0,3741,0,0,0,0,0,0,0,0,3741,0,0,0,0,0,0,0,3832,0,0,0,0,3741,0,0,0,0,0,0,0,0,0,
0,0,0,0,0,0,0,4,5,6,4,5,6,4,5,6,4,5,6,4,5,6,4,5,6,4,5,6,0,0,0,0,0,0,0,0,0,0,0,0,0,0,0,0,0,0,0,0,3741,0,0,0,0,0,0,0,0,0,0,0,0,0,0,3741,0,0,0,0,0,0,3923,0,0,0,0,0,0,0,0,0,0,0,
0,0,0,0,0,0,0,4,5,6,4,5,6,4,5,6,4,5,6,4,5,6,4,5,6,4,5,6,0,0,0,0,0,0,0,0,0,0,0,0,0,0,0,0,0,0,0,0,0,3832,0,0,0,0,0,0,0,0,0,3741,0,0,3741,0,0,0,0,3741,0,3923,3923,0,0,0,3741,0,3741,0,0,0,0,0,
0,0,0,0,0,0,0,4,5,6,4,5,6,4,5,6,4,5,6,4,5,6,4,5,6,4,5,6,0,0,0,0,0,0,0,0,0,0,0,0,0,0,0,0,0,0,0,0,0,0,0,0,0,0,0,0,0,0,0,0,0,0,0,0,3923,3832,0,0,0,0,0,3923,0,0,0,0,0,0,0,0,0,0,
0,0,0,0,0,0,0,4,5,6,4,5,6,4,5,6,4,5,6,4,5,6,4,5,6,4,5,6,0,0,0,0,0,0,0,0,0,0,0,0,0,0,0,0,0,0,0,0,3741,0,0,0,0,0,0,0,0,0,3923,0,3832,0,0,0,0,0,3923,0,0,0,0,0,0,3741,0,0,0,0,0,0,0,0,
0,0,0,0,0,0,0,4,5,6,4,5,6,4,5,6,4,5,6,4,5,6,4,5,6,4,5,6,4,5,6,4,5,6,0,0,0,0,0,0,0,0,0,0,0,0,0,0,3923,0,3741,0,0,0,0,0,0,0,0,0,0,0,3741,0,0,0,0,0,0,3923,0,0,0,0,0,3741,0,3741,0,0,0,0,
0,0,0,0,0,0,0,4,5,6,4,5,6,4,5,6,4,5,6,4,5,6,4,5,6,4,5,6,4,5,6,4,5,6,0,0,0,0,0,0,0,0,0,0,0,0,0,0,0,0,0,0,3832,0,3741,3832,0,0,0,0,0,3923,0,0,0,0,0,0,0,0,0,0,3832,0,0,0,0,0,0,0,0,0,
0,0,0,0,0,0,0,4,5,6,4,5,6,4,5,6,4,5,6,4,5,6,4,5,6,4,5,6,4,5,6,4,5,6,0,0,0,0,0,0,0,0,0,0,0,0,0,0,0,3832,0,0,0,0,0,3832,0,3923,0,0,3923,0,0,0,3923,0,3832,0,0,0,3741,0,0,0,0,0,3741,0,0,0,0,0,
0,0,0,0,0,0,0,4,5,6,4,5,6,4,5,6,4,5,6,4,5,6,4,5,6,4,5,6,4,5,6,4,5,6,0,0,0,0,0,0,0,0,0,0,0,0,0,0,0,0,3741,0,3923,0,0,3832,0,0,0,0,0,0,3923,0,0,0,3741,0,0,0,0,0,0,3741,0,0,0,0,0,0,0,0,
0,0,0,0,0,0,0,4,5,6,4,5,6,4,5,6,4,5,6,4,5,6,4,5,6,4,5,6,4,5,6,4,5,6,0,0,0,0,0,0,0,0,0,0,0,0,0,0,3741,0,0,0,0,0,0,0,0,3923,0,3741,0,0,3741,0,0,0,0,0,0,0,3923,3832,0,0,0,0,0,0,0,0,0,0,
0,0,0,0,0,0,0,4,5,6,4,5,6,4,5,6,4,5,6,4,5,6,4,5,6,4,5,6,4,5,6,4,5,6,0,0,0,0,0,0,0,0,0,0,0,0,0,0,0,3832,0,0,0,3923,0,0,0,0,0,0,3923,3923,0,0,0,3832,0,0,0,0,0,0,0,0,0,3832,0,0,0,0,0,0,
0,0,0,0,0,0,0,4,5,6,4,5,6,4,5,6,4,5,6,4,5,6,4,5,6,4,5,6,4,5,6,4,5,6,0,0,0,0,0,0,0,0,0,0,0,0,0,0,0,0,0,3741,0,0,0,0,3923,3923,0,0,3741,0,0,3923,0,0,3832,0,0,0,0,3741,0,0,0,3741,0,0,0,0,0,0,
0,0,0,0,0,0,0,0,0,0,0,0,0,0,0,0,0,0,0,0,0,0,0,0,0,0,0,0,0,0,0,0,0,0,0,0,0,0,0,0,0,0,0,0,0,0,0,0,0,3741,0,0,0,0,3741,0,0,0,0,0,0,0,0,0,0,0,0,0,3741,0,0,0,0,0,0,0,0,0,0,0,0,0,
0,0,0,0,0,0,0,0,0,0,0,0,0,0,0,0,0,0,0,0,0,0,0,0,0,0,0,0,0,0,0,0,0,0,0,0,0,0,0,0,0,0,0,0,0,0,0,0,0,0,0,0,0,0,0,0,0,0,0,0,0,0,0,0,0,0,0,0,0,0,0,0,0,0,0,0,0,0,0,0,0,0,
0,0,0,0,0,0,0,0,0,0,0,0,0,0,0,0,0,0,0,0,0,0,0,0,0,0,0,0,0,0,0,0,0,0,0,0,0,0,0,0,0,0,0,0,0,0,0,0,0,0,0,0,0,0,0,0,0,0,0,0,0,0,0,0,0,0,0,0,0,0,0,0,0,0,0,0,0,0,0,0,0,0,
0,0,0,0,0,0,0,0,0,0,0,0,0,0,0,0,0,0,0,0,0,0,0,0,0,0,0,0,0,0,0,0,0,0,0,0,0,0,0,0,0,0,0,0,0,0,0,0,0,0,0,0,0,0,0,0,0,0,0,0,0,0,0,0,0,0,0,0,0,0,0,0,0,0,0,0,0,0,0,0,0,0,
0,0,0,0,0,0,0,0,0,0,0,0,0,0,0,0,0,0,0,0,0,0,0,0,0,0,0,0,0,0,0,0,0,0,0,0,0,0,0,0,0,0,0,0,0,0,0,0,0,0,0,0,0,0,0,0,0,0,0,0,0,0,0,0,0,0,0,0,0,0,0,0,0,0,0,0,0,0,0,0,0,0