0,0,0,0,0,0,0,0,0,0,0,0,0,0,0,0,0,0,0,0,0,0,0,0,0,0,0,0,0,0,0,0,0,0,0,0,0,0,0,0,0,0,0,0,0,0,0,0,0,0,0,0,0,0,0,0,0,0,0,0,0,0,0,0,0,0,0,0,0,0,0,0,0,0,0,0,0,0,0,0,0,0,
0,0,0,0,0,0,0,0,0,0,0,0,0,0,0,0,0,0,0,0,0,0,0,0,0,0,0,0,0,0,0,0,0,0,0,0,0,0,0,0,0,0,0,0,0,0,0,0,0,0,0,0,0,0,0,0,0,0,0,0,0,0,0,0,0,0,0,0,0,0,0,0,0,0,0,0,0,0,0,0,0,0,
0,0,0,0,0,0,0,0,0,0,0,0,0,0,0,0,0,0,0,0,0,0,0,0,0,0,0,0,0,0,0,0,0,0,0,0,0,0,0,0,0,0,0,0,0,0,0,0,0,0,0,0,0,0,0,0,0,0,0,0,0,0,0,0,0,0,0,0,0,0,0,0,0,0,0,0,0,0,0,0,0,0,
0,0,0,0,0,0,0,0,0,0,0,0,0,0,0,0,0,0,0,0,0,0,0,0,0,0,0,0,0,0,0,0,0,0,0,0,0,0,0,0,0,0,0,0,0,0,0,0,0,0,0,0,0,0,0,0,0,0,0,0,0,0,0,0,0,0,0,0,0,0,0,0,0,0,0,0,0,0,0,0,0,0,
0,0,0,0,3933,3933,3933,3933,3933,3933,3933,3933,3933,3933,3933,3933,3933,3933,3933,3933,3933,0,0,0,0,0,0,0,0,0,0,0,0,0,0,0,0,0,0,0,0,0,0,0,0,0,0,0,0,0,0,0,0,0,0,0,0,0,0,0,0,0,0,0,0,0,0,0,0,0,0,0,0,0,0,0,0,0,0,0,0,0,
0,0,0,0,3933,3933,3933,3933,3933,3933,3933,3933,3933,3933,3933,3933,3933,3933,3933,3933,3933,0,0,0,0,0,3933,3933,3933,3933,3933,3933,3933,3933,3933,3933,3933,3933,0,0,0,0,0,0,0,0,0,0,0,0,0,0,0,0,0,0,0,0,0,0,0,0,0,0,0,0,0,0,0,0,0,0,0,0,0,0,0,0,0,0,0,0,
0,0,0,0,3933,3933,3933,3933,3933,3933,3933,3933,3933,3933,3933,3933,3933,3933,3933,3933,3933,0,0,0,0,0,3933,3933,3933,3933,3933,3933,3933,3933,3933,3933,3933,3933,0,0,0,0,0,0,0,3374,0,0,0,0,0,0,0,0,0,0,0,0,0,0,0,3374,0,0,0,0,0,0,0,0,0,0,0,0,3374,0,0,0,0,0,0,0,
0,0,0,0,3933,3933,3933,3933,3933,3933,3933,3933,3933,3933,3933,3933,3933,3933,3933,3933,3933,0,0,0,0,0,3933,3933,3933,3933,3933,3933,3933,3933,3933,3933,3933,3933,0,0,0,0,0,0,0,0,0,0,0,0,0,3374,0,0,0,0,0,0,0,0,0,0,0,0,0,3374,0,0,0,0,3374,0,0,0,0,0,0,0,0,0,0,0,
0,0,0,0,3933,3933,3933,3933,3933,3933,3933,3933,3933,3933,3933,3933,3933,3933,3933,3933,3933,0,0,0,0,0,3933,3933,3933,3933,3933,3933,3933,3933,3933,3933,3933,3933,0,0,0,0,0,0,0,0,0,0,0,0,0,0,0,0,3374,0,0,3374,0,0,0,0,0,0,0,0,0,0,0,0,0,0,0,0,0,0,0,0,0,0,0,0,
0,0,0,0,3933,3933,3933,3933,3933,3933,3933,3933,3933,3933,3933,3933,3933,3933,3933,3933,3933,0,0,0,0,0,3933,3933,3933,3933,3933,3933,3933,3933,3933,3933,3933,3933,0,0,0,0,0,0,0,0,0,3374,0,0,0,0,0,0,0,0,0,0,0,0,0,0,0,0,0,0,0,0,0,0,0,3374,0,0,0,0,0,0,0,0,0,0,
0,0,0,0,3933,3933,3933,3933,3933,3933,3933,3933,3933,3933,3933,3933,3933,3933,3933,3933,3933,0,0,0,0,0,3933,3933,3933,3933,3933,3933,3933,3933,3933,3933,3933,3933,0,0,0,0,0,0,0,0,0,0,0,0,0,0,0,0,0,0,0,0,0,0,0,0,0,0,0,0,0,0,0,0,0,0,0,0,0,0,0,0,0,0,0,0,
0,0,0,0,3933,3933,3933,3933,3933,3933,3933,3933,3933,3933,3933,3933,3933,3933,3933,3933,3933,0,0,0,0,0,3933,3933,3933,3933,3933,3933,3933,3933,3933,3933,3933,3933,0,0,0,0,0,0,0,0,0,0,0,0,0,0,0,0,0,0,0,0,0,0,0,0,0,0,0,0,3374,0,0,0,0,0,0,0,0,0,0,0,0,0,0,0,
0,0,0,0,3933,3933,3933,3933,3933,3933,3933,3933,3933,3933,3933,3933,3933,3933,3933,3933,3933,0,0,0,0,0,3933,3933,3933,3933,3933,3933,3933,3933,3933,3933,3933,3933,0,0,0,0,0,0,0,0,0,0,0,0,0,0,0,0,0,3374,0,0,0,0,0,0,0,0,0,0,0,0,0,0,0,0,0,0,0,0,0,0,0,0,0,0,
0,0,0,0,3933,3933,3933,3933,3933,3933,3933,3933,3933,3933,3933,3933,3933,3933,3933,3933,3933,0,0,0,0,0,3933,3933,3933,3933,3933,3933,3933,3933,3933,3933,3933,3933,0,0,0,0,0,0,0,0,0,0,0,0,0,3374,0,0,0,0,0,0,0,0,0,0,0,0,0,0,3374,0,0,0,0,3374,0,0,0,0,0,0,0,0,0,0,
0,0,0,0,3933,3933,3933,3933,3933,3933,3933,3933,3933,3933,3933,3933,3933,3933,3933,3933,3933,0,0,0,0,0,3933,3933,3933,3933,3933,3933,3933,3933,3933,3933,3933,3933,0,0,0,0,0,0,0,0,0,0,3374,0,0,0,0,0,0,0,0,0,0,0,0,0,0,0,0,0,0,0,0,0,0,0,0,0,0,0,0,0,0,0,0,0,
0,0,0,0,3933,3933,3933,3933,3933,3933,3933,3933,3933,3933,3933,3933,3933,3933,3933,3933,3933,0,0,0,0,0,3933,3933,3933,3933,3933,3933,3933,3933,3933,3933,3933,3933,0,0,0,0,0,0,0,3374,0,0,0,0,0,0,0,0,0,0,0,0,0,0,0,0,0,0,0,0,0,0,0,0,0,0,0,0,3374,0,0,0,0,0,0,0,
0,0,0,0,3933,3933,3933,3933,3933,3933,3933,3933,3933,3933,3933,3933,3933,3933,3933,3933,3933,0,0,0,0,0,3933,3933,3933,3933,3933,3933,3933,3933,3933,3933,3933,3933,0,0,0,0,0,0,0,0,0,0,0,3374,0,0,0,0,3374,0,0,0,0,0,0,0,0,0,0,0,0,0,3374,0,0,0,0,0,0,0,0,0,0,0,0,0,
0,0,0,0,3933,3933,3933,3933,3933,3933,3933,3933,3933,3933,3933,3933,3933,3933,3933,3933,3933,0,0,0,0,0,3933,3933,3933,3933,3933,3933,3933,3933,3933,3933,3933,3933,0,0,0,0,0,0,0,0,0,0,0,0,0,0,0,0,0,0,0,0,0,0,0,0,0,0,0,0,0,0,0,0,0,0,0,3374,0,0,0,0,0,0,0,0,
0,0,0,0,3933,3933,3933,3933,3933,3933,3933,3933,3933,3933,3933,3933,3933,3933,3933,3933,3933,0,0,0,0,0,3933,3933,3933,3933,3933,3933,3933,3933,3933,3933,3933,3933,0,0,0,0,0,0,0,0,0,0,0,0,0,0,0,0,0,0,0,0,0,0,0,0,0,0,0,0,3374,0,0,0,0,0,0,0,0,0,0,0,0,0,0,0,
0,0,0,0,3933,3933,3933,3933,3933,3933,3933,3933,3933,3933,3933,3933,3933,3933,3933,3933,3933,0,0,0,0,0,3933,3933,3933,3933,3933,3933,3933,3933,3933,3933,3933,3933,0,0,0,0,0,0,0,0,3374,0,0,0,0,0,0,0,0,3374,0,0,3374,0,0,0,0,0,0,0,0,0,0,0,0,3374,0,0,0,0,0,0,0,0,0,0,
0,0,0,0,3933,3933,3933,3933,3933,3933,3933,3933,3933,3933,3933,3933,3933,3933,3933,3933,3933,0,0,0,0,0,3933,3933,3933,3933,3933,3933,3933,3933,3933,3933,3933,3933,0,0,0,0,0,0,0,0,0,0,0,0,0,3374,0,0,0,0,0,0,0,0,0,0,3374,0,0,0,0,0,0,0,0,0,0,0,0,0,0,0,0,0,0,0,
0,0,0,0,3933,3933,3933,3933,3933,3933,3933,3933,3933,3933,3933,3933,3933,3933,3933,3933,3933,0,0,0,0,0,3933,3933,3933,3933,3933,3933,3933,3933,3933,3933,3933,3933,0,0,0,0,0,0,0,0,0,0,3374,0,0,3374,0,0,0,0,3374,0,0,0,0,0,3374,0,0,0,0,0,0,0,0,0,0,0,0,0,0,0,0,0,0,0,
0,0,0,0,3933,3933,3933,3933,3933,3933,3933,3933,3933,3933,3933,3933,3933,3933,3933,3933,3933,0,0,0,0,0,3933,3933,3933,3933,3933,3933,3933,3933,3933,3933,3933,3933,0,0,0,0,0,0,0,0,0,0,0,0,0,0,0,0,0,0,0,0,0,0,0,0,0,0,0,0,0,0,0,0,0,3374,0,0,0,0,0,0,0,0,0,0,
0,0,0,0,3933,3933,3933,3933,3933,3933,3933,3933,3933,3933,3933,3933,3933,3933,3933,3933,3933,0,0,0,0,0,3933,3933,3933,3933,3933,3933,3933,3933,3933,3933,3933,3933,0,0,0,0,0,0,0,0,0,0,0,0,0,0,0,0,0,3374,0,0,0,0,0,0,0,0,0,0,0,0,0,0,0,0,0,0,3374,0,0,0,0,0,0,0,
0,0,0,0,3933,3933,3933,3933,3933,3933,3933,3933,3933,3933,3933,3933,3933,3933,3933,3933,3933,0,0,0,0,0,3933,3933,3933,3933,3933,3933,3933,3933,3933,3933,3933,3933,0,0,0,0,0,0,0,0,0,3374,0,0,0,0,0,0,0,0,0,0,0,3374,0,0,0,0,0,0,0,0,0,3374,0,0,0,0,0,0,0,0,0,0,0,0,
0,0,0,0,3933,3933,3933,3933,3933,3933,3933,3933,3933,3933,3933,3933,3933,3933,3933,3933,3933,0,0,0,0,0,3933,3933,3933,3933,3933,3933,3933,3933,3933,3933,3933,3933,0,0,0,0,0,0,0,0,0,0,0,0,0,0,0,0,0,0,0,0,0,0,0,0,0,0,0,0,3374,0,0,0,0,0,0,0,0,0,0,0,0,0,0,0,
0,0,0,0,3933,3933,3933,3933,3933,3933,3933,3933,3933,3933,3933,3933,3933,3933,3933,3933,3933,0,0,0,0,0,3933,3933,3933,3933,3933,3933,3933,3933,3933,3933,3933,3933,0,0,0,0,0,0,0,0,0,0,0,0,0,3374,0,0,0,0,0,0,0,0,0,0,0,0,0,0,0,0,0,0,0,0,3374,0,0,3374,0,0,0,0,0,0,
0,0,0,0,3933,3933,3933,3933,3933,3933,3933,3933,3933,3933,3933,3933,3933,3933,3933,3933,3933,0,0,0,0,0,0,0,0,0,0,0,0,0,0,0,0,0,0,0,0,0,0,0,0,0,0,0,0,0,0,0,0,0,0,0,0,0,0,0,0,0,0,0,0,0,0,0,0,0,0,0,0,0,0,0,0,0,0,0,0,0,
0,0,0,0,3933,3933,3933,3933,3933,3933,3933,3933,3933,3933,3933,3933,3933,3933,3933,3933,3933,0,0,0,0,0,0,0,0,0,0,0,0,0,0,0,0,0,0,0,0,0,0,0,0,0,0,0,0,0,0,0,0,0,0,0,0,0,0,0,0,0,0,0,0,0,0,0,0,0,0,0,0,0,0,0,0,0,0,0,0,0,
0,0,0,0,0,0,0,0,0,0,0,0,0,0,0,0,0,0,0,0,0,0,0,0,0,0,0,0,0,0,0,0,0,0,0,0,0,0,0,0,0,0,0,0,0,0,0,0,0,0,0,0,0,0,0,0,0,0,0,0,0,0,0,0,0,0,0,0,0,0,0,0,0,0,0,0,0,0,0,0,0,0,
0,0,0,0,0,0,0,0,0,0,0,0,0,0,0,0,0,0,0,0,0,0,0,0,0,0,0,0,0,0,0,0,0,0,0,0,0,0,0,0,0,0,0,0,0,0,0,0,0,0,0,0,0,0,0,0,0,0,0,0,0,0,0,0,0,0,0,0,0,0,0,0,0,0,0,0,0,0,0,0,0,0,
0,0,0,0,0,0,0,0,0,0,0,0,0,0,0,0,0,0,0,0,0,0,0,0,0,0,0,0,0,0,0,0,0,0,0,0,0,0,0,0,0,0,0,0,0,0,0,0,0,0,0,0,0,0,0,0,0,0,0,0,0,0,0,0,0,0,0,0,0,0,0,0,0,0,0,0,0,0,0,0,0,0,
0,0,0,0,0,0,0,0,0,0,0,0,0,0,0,0,0,0,0,0,0,0,0,0,0,0,0,0,0,0,0,0,0,0,0,0,0,0,0,0,0,0,0,0,0,0,0,0,0,0,0,0,0,0,0,0,0,0,0,0,0,0,0,0,0,0,0,0,0,0,0,0,0,0,0,0,0,0,0,0,0,0,
0,0,0,0,0,0,0,0,0,0,0,0,0,0,0,0,0,0,0,0,0,0,0,0,0,0,0,0,0,0,0,0,0,0,0,0,0,0,0,0,0,0,0,0,0,0,0,0,0,0,0,0,0,0,0,0,0,0,0,0,0,0,0,0,0,0,3942,3942,3942,3942,3942,3942,3942,3942,3942,3942,0,0,0,0,0,0,
0,0,0,0,0,0,0,0,0,0,0,0,0,0,0,0,0,0,0,0,0,0,0,0,0,0,0,0,0,0,0,0,0,0,0,0,0,0,0,0,0,0,0,0,0,0,0,0,0,0,0,0,0,0,0,0,0,0,0,0,0,0,0,0,0,0,3942,3942,3942,3942,3942,3942,3942,3942,3942,3942,0,0,0,0,0,0,
0,0,0,0,0,0,0,0,0,0,0,0,0,0,0,0,0,0,0,0,0,0,0,0,3374,0,0,0,0,0,0,0,0,0,0,0,0,0,0,0,0,0,0,0,0,0,0,0,0,0,0,0,0,0,0,0,0,0,0,0,0,0,0,0,0,0,3942,3942,3942,3942,3942,3942,3942,3942,3942,3942,0,0,0,0,0,0,
0,0,0,0,0,0,0,0,0,0,0,0,0,0,0,0,0,0,0,0,0,0,0,0,0,0,0,3374,0,0,0,0,0,0,0,0,0,0,0,0,0,0,0,0,0,0,0,0,3374,0,0,0,3374,0,0,0,3374,0,0,0,0,0,0,0,0,0,3942,3942,3942,3942,3942,3942,3942,3942,3942,3942,0,0,0,0,0,0,
0,0,0,0,0,0,0,0,0,0,0,0,0,0,0,0,0,0,0,0,0,0,0,0,0,3374,0,0,0,0,0,0,0,0,0,0,0,0,0,0,0,0,0,0,0,0,0,0,0,0,0,0,0,0,0,0,0,0,0,0,0,0,0,0,0,0,3942,3942,3942,3942,3942,3942,3942,3942,3942,3942,0,0,0,0,0,0,
0,0,0,0,0,0,0,0,0,0,0,0,0,0,0,0,0,0,0,0,0,0,0,0,0,0,0,0,0,0,0,0,0,0,0,0,0,0,0,0,0,0,0,0,0,0,0,0,0,0,0,0,0,0,0,0,0,0,0,0,0,0,0,0,0,0,3942,3942,3942,3942,3942,3942,3942,3942,3942,3942,0,0,0,0,0,0,
0,0,0,0,0,0,0,0,0,0,0,0,0,0,0,0,0,0,0,0,0,0,0,3374,0,0,0,3374,0,0,0,0,0,0,0,0,0,0,0,0,0,0,0,0,0,0,0,0,0,0,0,0,0,0,3374,0,0,0,0,0,0,0,0,0,0,0,0,0,0,0,0,0,0,0,0,0,0,0,0,0,0,0,
0,0,0,0,0,0,0,0,0,0,0,0,0,0,0,0,0,0,0,0,0,0,0,0,0,0,0,0,0,0,0,0,0,0,0,0,0,0,0,0,0,0,0,0,0,0,0,3374,0,0,0,3374,0,0,0,0,0,0,0,0,0,0,0,0,0,0,0,0,0,0,0,0,0,0,0,0,0,0,0,0,0,0,
0,0,0,0,0,0,0,0,0,0,0,0,0,0,0,0,0,0,0,0,0,0,0,0,0,0,0,0,0,0,0,0,0,0,0,0,0,0,0,0,0,0,0,0,0,0,0,0,0,0,0,0,0,0,0,0,0,0,0,0,0,0,0,0,0,0,0,0,0,0,0,0,0,0,0,0,0,0,0,0,0,0,
0,0,0,0,0,0,0,0,0,0,0,0,0,0,0,0,0,0,0,0,0,0,0,0,0,0,0,0,0,0,0,0,0,0,0,0,0,0,0,0,0,0,0,0,0,0,0,0,0,0,0,0,0,0,0,3374,0,0,0,0,0,0,0,0,0,0,0,0,0,0,0,0,0,0,0,0,0,0,0,0,0,0,
0,0,0,0,0,0,0,0,0,0,0,0,0,0,0,0,0,0,0,0,0,0,0,0,0,0,0,0,0,0,0,0,0,0,0,0,0,0,0,0,0,0,0,0,0,0,0,0,0,0,3374,0,0,0,0,0,0,0,0,0,0,0,0,0,0,0,0,0,0,0,0,0,0,0,0,0,0,0,0,0,0,0,
0,0,0,0,0,0,0,0,0,0,0,0,0,0,0,0,0,0,0,0,0,0,0,0,0,0,0,0,0,0,0,0,0,0,0,0,0,0,0,0,0,0,0,0,0,0,0,0,0,0,0,0,0,0,0,0,0,0,0,0,0,0,0,0,0,0,0,0,0,0,0,0,0,0,0,0,0,0,0,0,0,0,
0,0,0,0,0,0,0,0,0,0,0,0,0,0,0,0,0,0,0,0,0,0,0,0,0,0,0,0,0,0,0,0,0,0,0,0,0,0,0,0,0,0,0,0,0,0,0,3374,0,0,0,0,0,3374,0,0,0,0,0,0,0,0,0,0,0,0,0,0,0,0,0,0,0,0,0,0,0,0,0,0,0,0,
0,0,0,0,0,0,0,0,0,0,0,3933,3933,3933,3933,0,0,0,0,0,0,0,0,0,0,0,0,0,0,0,0,0,3942,3942,0,0,0,0,0,0,0,0,0,0,0,0,0,0,0,0,0,0,0,0,0,0,0,0,0,0,0,0,0,0,0,0,0,0,0,0,3374,0,0,0,0,0,0,0,0,0,0,0,
0,0,0,0,3933,3933,3933,3933,3933,3933,3933,3933,3933,3933,3933,3933,3933,3933,0,0,0,0,0,0,3942,3942,3942,3942,3942,0,0,3942,3942,3942,3942,3942,0,0,0,0,0,0,0,0,0,0,0,0,0,0,0,0,0,0,0,0,0,0,0,0,0,0,0,0,0,0,0,0,0,0,0,0,3374,0,0,0,0,0,0,0,0,0,
0,0,0,0,3933,3933,3933,3933,3933,3933,3933,3933,3933,3933,3933,3933,3933,3933,0,0,0,0,0,0,3942,3942,3942,3942,3942,3942,3942,3942,3942,3942,3942,3942,3942,0,0,0,0,0,0,0,0,0,0,0,0,0,0,0,0,0,0,0,0,0,0,0,0,0,0,0,0,0,0,0,0,0,0,0,0,0,0,0,0,0,0,0,0,0,
0,0,0,0,3933,3933,3933,3933,3933,3933,3933,3933,3933,3933,3933,3933,3933,3933,0,0,0,0,0,0,0,3942,3942,3942,3942,3942,3942,3942,3942,3942,3942,3942,3942,0,0,0,0,0,0,0,0,0,0,0,0,0,0,0,0,0,0,0,0,0,0,0,0,0,0,0,0,0,0,0,0,0,3374,0,0,0,0,0,0,0,0,0,0,0,
0,0,0,0,0,3933,3933,3933,3933,3933,3933,3933,3933,3933,3933,3933,3933,3933,0,0,0,0,0,0,0,0,3942,3942,3942,3942,3942,3942,3942,3942,3942,3942,3942,3942,0,0,0,0,0,0,0,0,0,0,0,0,0,0,0,0,0,0,0,0,0,0,0,0,0,0,0,0,0,0,0,0,0,0,3374,0,0,0,0,0,0,0,0,0,
0,0,0,0,0,0,3933,3933,3933,3933,3933,3933,3933,3933,3933,3933,3933,3933,0,0,0,0,0,0,0,0,3942,3942,3942,3942,3942,3942,3942,3942,3942,3942,3942,3942,0,0,0,0,0,0,0,3942,3942,3942,3942,3942,3942,3942,3942,3942,0,0,0,0,0,0,0,0,0,0,0,0,0,0,0,0,0,0,0,0,0,0,0,0,0,0,0,0,
0,0,0,0,0,0,0,3933,3933,3933,3933,3933,3933,3933,3933,3933,0,0,0,0,0,0,0,0,0,0,3942,3942,3942,3942,3942,3942,3942,3942,3942,3942,3942,3942,0,0,0,0,0,0,0,3942,3942,3942,3942,3942,3942,3942,3942,3942,0,0,0,0,0,0,0,0,0,0,0,0,0,0,0,0,3374,0,0,0,0,0,0,0,0,0,0,0,
0,0,0,0,0,0,0,0,0,3933,3933,3933,3933,3933,3933,3933,0,0,0,0,0,0,0,0,0,0,0,0,3942,3942,3942,3942,3942,3942,3942,3942,3942,3942,0,0,0,0,0,0,0,3942,3942,3942,3942,3942,3942,3942,3942,3942,0,0,0,0,0,0,0,0,0,0,0,0,0,0,0,0,0,0,0,3374,0,0,0,0,0,0,0,0,
0,0,0,0,0,0,0,0,0,0,3933,3933,3933,3933,3933,3933,0,0,0,0,0,0,0,0,0,0,0,0,0,3942,3942,3942,3942,3942,3942,3942,3942,3942,0,0,0,0,0,0,0,3942,3942,3942,3942,3942,3942,3942,3942,3942,0,0,0,0,0,0,0,0,0,0,0,0,0,0,0,0,0,0,0,0,0,0,0,0,0,0,0,0,
0,0,0,0,0,0,0,0,0,0,0,3933,3933,3933,3933,3933,0,0,0,0,0,0,0,0,0,0,0,0,0,0,3942,3942,3942,3942,3942,3942,0,0,0,0,0,0,0,0,0,3942,3942,3942,3942,3942,3942,3942,3942,3942,0,0,0,0,0,0,0,0,0,0,0,0,0,0,0,0,0,0,0,0,0,0,0,0,0,0,0,0,
0,0,0,0,0,0,0,0,0,0,0,0,0,0,0,0,0,0,0,0,0,0,0,0,0,0,0,0,0,0,0,0,0,0,0,0,0,0,0,0,0,0,0,0,0,0,0,0,0,0,0,0,0,0,0,0,0,0,0,0,0,0,0,0,0,0,0,0,0,0,0,0,0,0,0,0,0,0,0,0,0,0,
0,0,0,0,0,0,0,0,0,0,0,0,0,0,0,0,0,0,0,0,0,0,0,0,0,0,0,0,0,0,0,0,0,0,0,0,0,0,0,0,0,0,0,0,0,0,0,0,0,0,0,0,0,0,0,0,0,0,0,0,0,0,0,0,0,0,0,0,0,0,0,0,0,0,0,0,0,0,0,0,0,0,
0,0,0,0,0,0,0,0,0,0,0,0,0,0,0,0,0,0,0,0,0,0,0,0,0,0,0,0,0,0,0,0,0,0,0,0,0,0,0,0,0,0,0,0,0,0,0,0,0,0,0,0,0,0,0,0,0,0,0,0,0,0,0,0,0,0,0,0,0,0,0,0,0,0,0,0,0,0,0,0,0,0,
0,0,0,0,0,0,0,0,0,0,0,0,0,0,0,0,0,0,0,0,0,0,0,0,0,0,0,0,0,0,0,0,0,0,0,0,0,0,0,0,0,0,0,0,0,0,0,0,0,0,0,0,0,0,0,0,0,0,0,0,0,0,0,0,0,0,0,0,0,0,0,0,0,0,0,0,0,0,0,0,0,0